image
data/images/03_10_2020_1/output_0011/i0000931_s12_m16.jpg
data/images/03_10_2020_1/output_0012/i0000443_s12_m16.jpg
data/images/03_09_2020_1/output_0042/i0000248_s12_m17.jpg
data/images/03_06_2020_0/output_0004/i0000894_s12_m16.jpg
data/images/03_10_2020_1/output_0014/i0000850_s12_m16.jpg
data/images/03_06_2020_0/output_0006/i0000247_s12_m17.jpg
data/images/03_09_2020_1/output_0033/i0000503_s12_m16.jpg
data/images/03_09_2020_1/output_0033/i0000245_s12_m17.jpg
data/images/03_06_2020_0/output_0011/i0000846_s12_m17.jpg
data/images/03_10_2020_1/output_0004/i0000648_s12_m16.jpg
data/images/03_10_2020_1/output_0003/i0000563_s12_m16.jpg
data/images/03_06_2020_0/output_0008/i0000324_s12_m17.jpg
data/images/03_10_2020_1/output_0015/i0000709_s12_m16.jpg
data/images/03_06_2020_0/output_0008/i0000372_s12_m17.jpg
data/images/03_09_2020_1/output_0023/i0000521_s12_m16.jpg
data/images/03_10_2020_1/output_0003/i0000971_s12_m16.jpg
data/images/03_10_2020_1/output_0003/i0000818_s12_m16.jpg
data/images/03_06_2020_0/output_0011/i0000852_s12_m17.jpg
data/images/03_09_2020_1/output_0043/i0000705_s12_m17.jpg
data/images/03_10_2020_1/output_0009/i0000794_s12_m16.jpg
data/images/03_09_2020_1/output_0033/i0000192_s12_m16.jpg
data/images/03_10_2020_1/output_0005/i0000091_s12_m16.jpg
data/images/03_10_2020_1/output_0008/i0000986_s12_m16.jpg
data/images/03_09_2020_1/output_0036/i0000245_s12_m17.jpg
data/images/03_06_2020_0/output_0006/i0000649_s12_m17.jpg
data/images/03_09_2020_1/output_0037/i0000039_s12_m17.jpg
data/images/03_09_2020_1/output_0042/i0000254_s12_m17.jpg
data/images/03_09_2020_1/output_0038/i0000282_s12_m17.jpg
data/images/03_09_2020_1/output_0038/i0000535_s12_m17.jpg
data/images/03_10_2020_1/output_0005/i0001022_s12_m16.jpg
data/images/03_09_2020_1/output_0021/i0000407_s12_m17.jpg
data/images/03_10_2020_1/output_0004/i0000932_s12_m16.jpg
data/images/03_09_2020_1/output_0044/i0000356_s12_m18.jpg
data/images/03_09_2020_1/output_0037/i0000717_s12_m17.jpg
data/images/03_10_2020_1/output_0009/i0000084_s12_m16.jpg
data/images/03_09_2020_1/output_0031/i0000495_s12_m17.jpg
data/images/03_09_2020_1/output_0033/i0000213_s12_m16.jpg
data/images/03_09_2020_1/output_0031/i0000634_s12_m16.jpg
data/images/03_09_2020_1/output_0042/i0000035_s12_m17.jpg
data/images/03_09_2020_1/output_0031/i0000680_s12_m16.jpg
data/images/03_09_2020_1/output_0032/i0000389_s12_m17.jpg
data/images/03_09_2020_1/output_0029/i0000392_s12_m16.jpg
data/images/03_09_2020_1/output_0020/i0000662_s12_m17.jpg
data/images/03_09_2020_1/output_0026/i0000505_s12_m17.jpg
data/images/03_06_2020_0/output_0011/i0000116_s12_m17.jpg
data/images/03_10_2020_1/output_0005/i0000530_s12_m16.jpg
data/images/03_06_2020_0/output_0009/i0000231_s12_m17.jpg
data/images/03_09_2020_1/output_0026/i0000202_s12_m16.jpg
data/images/03_10_2020_1/output_0012/i0000833_s12_m16.jpg
data/images/03_10_2020_1/output_0011/i0000956_s12_m16.jpg
data/images/03_10_2020_1/output_0010/i0001058_s12_m16.jpg
data/images/03_09_2020_1/output_0032/i0000162_s12_m17.jpg
data/images/03_10_2020_1/output_0004/i0000933_s12_m16.jpg
data/images/03_06_2020_0/output_0006/i0000749_s12_m16.jpg
data/images/03_06_2020_0/output_0006/i0000190_s12_m16.jpg
data/images/03_09_2020_1/output_0021/i0000354_s12_m17.jpg
data/images/03_09_2020_1/output_0022/i0000047_s12_m16.jpg
data/images/03_10_2020_1/output_0013/i0000811_s12_m16.jpg
data/images/03_06_2020_0/output_0004/i0000371_s12_m16.jpg
data/images/03_10_2020_1/output_0002/i0000205_s12_m15.jpg
data/images/03_09_2020_1/output_0021/i0000408_s12_m17.jpg
data/images/03_09_2020_1/output_0040/i0000710_s12_m17.jpg
data/images/03_09_2020_1/output_0026/i0000228_s12_m17.jpg
data/images/03_10_2020_1/output_0000/i0000179_s12_m16.jpg
data/images/03_09_2020_1/output_0039/i0000277_s12_m17.jpg
data/images/03_10_2020_1/output_0012/i0000939_s12_m16.jpg
data/images/03_06_2020_0/output_0008/i0001097_s12_m17.jpg
data/images/03_10_2020_1/output_0012/i0000444_s12_m16.jpg
data/images/03_09_2020_1/output_0030/i0000077_s12_m17.jpg
data/images/03_06_2020_0/output_0004/i0001358_s12_m16.jpg
data/images/03_10_2020_1/output_0006/i0000745_s12_m16.jpg
data/images/03_10_2020_1/output_0013/i0000655_s12_m16.jpg
data/images/03_10_2020_1/output_0015/i0000651_s12_m16.jpg
data/images/03_10_2020_1/output_0015/i0000666_s12_m16.jpg
data/images/03_09_2020_1/output_0026/i0000158_s12_m17.jpg
data/images/03_09_2020_1/output_0014/i0000422_s12_m17.jpg
data/images/03_09_2020_1/output_0036/i0000215_s12_m17.jpg
data/images/03_10_2020_1/output_0007/i0000429_s12_m16.jpg
data/images/03_10_2020_1/output_0001/i0000147_s12_m17.jpg
data/images/03_09_2020_1/output_0021/i0000219_s12_m16.jpg
data/images/03_09_2020_1/output_0034/i0000332_s12_m16.jpg
data/images/03_06_2020_0/output_0011/i0000138_s12_m17.jpg
data/images/03_10_2020_1/output_0013/i0000427_s12_m16.jpg
data/images/03_06_2020_0/output_0004/i0001411_s12_m16.jpg
data/images/03_09_2020_1/output_0024/i0000727_s12_m17.jpg
data/images/03_10_2020_1/output_0009/i0000079_s12_m16.jpg
data/images/03_10_2020_1/output_0012/i0000802_s12_m16.jpg
data/images/03_10_2020_1/output_0014/i0000336_s12_m16.jpg
data/images/03_09_2020_1/output_0038/i0000597_s12_m17.jpg
data/images/03_10_2020_1/output_0014/i0000040_s12_m17.jpg
data/images/03_09_2020_1/output_0040/i0000629_s12_m17.jpg
data/images/03_10_2020_1/output_0014/i0000527_s12_m16.jpg
data/images/03_09_2020_1/output_0040/i0000565_s12_m17.jpg
data/images/03_09_2020_1/output_0035/i0000221_s12_m17.jpg
data/images/03_06_2020_0/output_0006/i0000914_s12_m16.jpg
data/images/03_10_2020_1/output_0000/i0000510_s12_m16.jpg
data/images/03_10_2020_1/output_0006/i0000433_s12_m16.jpg
data/images/03_09_2020_1/output_0043/i0000112_s12_m16.jpg
data/images/03_10_2020_1/output_0006/i0000479_s12_m16.jpg
data/images/03_06_2020_0/output_0009/i0000642_s12_m17.jpg
data/images/03_10_2020_1/output_0007/i0000536_s12_m16.jpg
data/images/03_09_2020_1/output_0042/i0000038_s12_m16.jpg
data/images/03_10_2020_1/output_0015/i0000671_s12_m16.jpg
data/images/03_09_2020_1/output_0026/i0000587_s12_m17.jpg
data/images/03_10_2020_1/output_0013/i0000554_s12_m16.jpg
data/images/03_10_2020_1/output_0005/i0000691_s12_m16.jpg
data/images/03_10_2020_1/output_0000/i0000185_s12_m16.jpg
data/images/03_10_2020_1/output_0005/i0000980_s12_m16.jpg
data/images/03_09_2020_1/output_0032/i0000663_s12_m17.jpg
data/images/03_09_2020_1/output_0029/i0000338_s12_m16.jpg
data/images/03_06_2020_0/output_0006/i0001225_s12_m16.jpg
data/images/03_09_2020_1/output_0034/i0000147_s12_m16.jpg
data/images/03_10_2020_1/output_0006/i0000147_s12_m16.jpg
data/images/03_09_2020_1/output_0026/i0000181_s12_m17.jpg
data/images/03_10_2020_1/output_0001/i0000373_s12_m16.jpg
data/images/03_09_2020_1/output_0023/i0000562_s12_m16.jpg
data/images/03_09_2020_1/output_0024/i0000419_s12_m17.jpg
data/images/03_09_2020_1/output_0032/i0000381_s12_m17.jpg
data/images/03_06_2020_0/output_0011/i0000773_s12_m17.jpg
data/images/03_10_2020_1/output_0003/i0000749_s12_m16.jpg
data/images/03_10_2020_1/output_0006/i0000799_s12_m16.jpg
data/images/03_09_2020_1/output_0022/i0000350_s12_m17.jpg
data/images/03_06_2020_0/output_0008/i0000133_s12_m17.jpg
data/images/03_09_2020_1/output_0033/i0000159_s12_m16.jpg
data/images/03_09_2020_1/output_0029/i0000650_s12_m16.jpg
data/images/03_09_2020_1/output_0027/i0000066_s12_m18.jpg
data/images/03_10_2020_1/output_0015/i0000439_s12_m16.jpg
data/images/03_09_2020_1/output_0036/i0000119_s12_m17.jpg
data/images/03_09_2020_1/output_0024/i0000721_s12_m17.jpg
data/images/03_10_2020_1/output_0006/i0000639_s12_m16.jpg
data/images/03_10_2020_1/output_0003/i0000716_s12_m16.jpg
data/images/03_09_2020_1/output_0024/i0000347_s12_m17.jpg
data/images/03_10_2020_1/output_0009/i0000171_s12_m16.jpg
data/images/03_10_2020_1/output_0007/i0000140_s12_m16.jpg
data/images/03_10_2020_1/output_0003/i0000190_s12_m16.jpg
data/images/03_10_2020_1/output_0009/i0000600_s12_m16.jpg
data/images/03_10_2020_1/output_0005/i0000464_s12_m16.jpg
data/images/03_10_2020_1/output_0003/i0000973_s12_m16.jpg
data/images/03_10_2020_1/output_0011/i0000431_s12_m16.jpg
data/images/03_10_2020_1/output_0015/i0000669_s12_m16.jpg
data/images/03_09_2020_1/output_0016/i0000579_s12_m16.jpg
data/images/03_06_2020_0/output_0008/i0000023_s12_m16.jpg
data/images/03_10_2020_1/output_0008/i0000536_s12_m16.jpg
data/images/03_10_2020_1/output_0013/i0000213_s12_m16.jpg
data/images/03_10_2020_1/output_0013/i0000877_s12_m16.jpg
data/images/03_09_2020_1/output_0043/i0000749_s12_m17.jpg
data/images/03_10_2020_1/output_0009/i0000724_s12_m16.jpg
data/images/03_06_2020_0/output_0006/i0000647_s12_m17.jpg
data/images/03_06_2020_0/output_0011/i0001121_s12_m17.jpg
data/images/03_06_2020_0/output_0011/i0000768_s12_m17.jpg
data/images/03_09_2020_1/output_0040/i0000667_s12_m17.jpg
data/images/03_09_2020_1/output_0035/i0000168_s12_m17.jpg
data/images/03_09_2020_1/output_0026/i0000430_s12_m17.jpg
data/images/03_10_2020_1/output_0003/i0000321_s12_m15.jpg
data/images/03_09_2020_1/output_0018/i0000290_s12_m16.jpg
data/images/03_10_2020_1/output_0016/i0000262_s12_m18.jpg
data/images/03_09_2020_1/output_0036/i0000621_s12_m17.jpg
data/images/03_09_2020_1/output_0022/i0000209_s12_m17.jpg
data/images/03_09_2020_1/output_0023/i0000023_s12_m16.jpg
data/images/03_09_2020_1/output_0036/i0000529_s12_m17.jpg
data/images/03_10_2020_1/output_0012/i0000622_s12_m16.jpg
data/images/03_09_2020_1/output_0043/i0000262_s12_m16.jpg
data/images/03_10_2020_1/output_0006/i0000151_s12_m16.jpg
data/images/03_09_2020_1/output_0041/i0000243_s12_m17.jpg
data/images/03_09_2020_1/output_0044/i0000088_s12_m17.jpg
data/images/03_10_2020_1/output_0015/i0000514_s12_m16.jpg
data/images/03_10_2020_1/output_0013/i0000458_s12_m16.jpg
data/images/03_09_2020_1/output_0033/i0000088_s12_m16.jpg
data/images/03_09_2020_1/output_0041/i0000194_s12_m16.jpg
data/images/03_09_2020_1/output_0038/i0000016_s12_m16.jpg
data/images/03_06_2020_0/output_0004/i0000988_s12_m16.jpg
data/images/03_09_2020_1/output_0026/i0000504_s12_m17.jpg
data/images/03_06_2020_0/output_0006/i0000314_s12_m16.jpg
data/images/03_09_2020_1/output_0023/i0000240_s12_m16.jpg
data/images/03_10_2020_1/output_0008/i0000554_s12_m15.jpg
data/images/03_09_2020_1/output_0040/i0000334_s12_m16.jpg
data/images/03_09_2020_1/output_0037/i0000357_s12_m17.jpg
data/images/03_09_2020_1/output_0026/i0000390_s12_m17.jpg
data/images/03_09_2020_1/output_0042/i0000736_s12_m17.jpg
data/images/03_09_2020_1/output_0031/i0000709_s12_m17.jpg
data/images/03_09_2020_1/output_0023/i0000065_s12_m17.jpg
data/images/03_10_2020_1/output_0015/i0000851_s12_m16.jpg
data/images/03_10_2020_1/output_0010/i0000653_s12_m16.jpg
data/images/03_09_2020_1/output_0038/i0000518_s12_m17.jpg
data/images/03_09_2020_1/output_0026/i0000394_s12_m17.jpg
data/images/03_10_2020_1/output_0000/i0000572_s12_m16.jpg
data/images/03_09_2020_1/output_0026/i0000465_s12_m17.jpg
data/images/03_09_2020_1/output_0024/i0000661_s12_m17.jpg
data/images/03_10_2020_1/output_0011/i0000748_s12_m16.jpg
data/images/03_09_2020_1/output_0023/i0000563_s12_m16.jpg
data/images/03_09_2020_1/output_0041/i0000139_s12_m17.jpg
data/images/03_09_2020_1/output_0035/i0000508_s12_m17.jpg
data/images/03_09_2020_1/output_0032/i0000707_s12_m17.jpg
data/images/03_09_2020_1/output_0022/i0000238_s12_m17.jpg
data/images/03_09_2020_1/output_0037/i0000224_s12_m17.jpg
data/images/03_06_2020_0/output_0009/i0000504_s12_m17.jpg
data/images/03_10_2020_1/output_0011/i0000264_s12_m16.jpg
data/images/03_09_2020_1/output_0029/i0000458_s12_m16.jpg
data/images/03_09_2020_1/output_0039/i0000528_s12_m16.jpg
data/images/03_10_2020_1/output_0006/i0000480_s12_m16.jpg
data/images/03_09_2020_1/output_0031/i0000081_s12_m16.jpg
data/images/03_09_2020_1/output_0017/i0000030_s12_m15.jpg
data/images/03_09_2020_1/output_0034/i0000218_s12_m16.jpg
data/images/03_06_2020_0/output_0011/i0001128_s12_m17.jpg
data/images/03_10_2020_1/output_0011/i0000654_s12_m16.jpg
data/images/03_09_2020_1/output_0026/i0000229_s12_m17.jpg
data/images/03_06_2020_0/output_0006/i0001313_s12_m16.jpg
data/images/03_06_2020_0/output_0006/i0000079_s12_m16.jpg
data/images/03_09_2020_1/output_0035/i0000179_s12_m17.jpg
data/images/03_09_2020_1/output_0040/i0000600_s12_m17.jpg
data/images/03_10_2020_1/output_0015/i0000370_s12_m16.jpg
data/images/03_06_2020_0/output_0008/i0001280_s12_m16.jpg
data/images/03_10_2020_1/output_0014/i0000529_s12_m16.jpg
data/images/03_10_2020_1/output_0014/i0000344_s12_m16.jpg
data/images/03_09_2020_1/output_0038/i0000119_s12_m16.jpg
data/images/03_10_2020_1/output_0008/i0000285_s12_m16.jpg
data/images/03_10_2020_1/output_0003/i0000071_s12_m16.jpg
data/images/03_10_2020_1/output_0000/i0000501_s12_m16.jpg
data/images/03_10_2020_1/output_0007/i0000395_s12_m16.jpg
data/images/03_10_2020_1/output_0009/i0000086_s12_m16.jpg
data/images/03_10_2020_1/output_0012/i0000520_s12_m16.jpg
data/images/03_06_2020_0/output_0006/i0000543_s12_m16.jpg
data/images/03_10_2020_1/output_0005/i0000460_s12_m15.jpg
data/images/03_09_2020_1/output_0031/i0000592_s12_m17.jpg
data/images/03_06_2020_0/output_0011/i0000188_s12_m17.jpg
data/images/03_09_2020_1/output_0033/i0000627_s12_m16.jpg
data/images/03_09_2020_1/output_0018/i0000286_s12_m16.jpg
data/images/03_10_2020_1/output_0003/i0000251_s12_m16.jpg
data/images/03_09_2020_1/output_0019/i0000099_s12_m16.jpg
data/images/03_09_2020_1/output_0044/i0000180_s12_m18.jpg
data/images/03_09_2020_1/output_0031/i0000732_s12_m17.jpg
data/images/03_10_2020_1/output_0007/i0000762_s12_m16.jpg
data/images/03_10_2020_1/output_0003/i0000850_s12_m16.jpg
data/images/03_10_2020_1/output_0000/i0000402_s12_m16.jpg
data/images/03_09_2020_1/output_0031/i0000062_s12_m17.jpg
data/images/03_09_2020_1/output_0013/i0000126_s12_m17.jpg
data/images/03_10_2020_1/output_0006/i0000117_s12_m16.jpg
data/images/03_09_2020_1/output_0032/i0000414_s12_m17.jpg
data/images/03_09_2020_1/output_0015/i0000050_s12_m15.jpg
data/images/03_10_2020_1/output_0009/i0000773_s12_m16.jpg
data/images/03_09_2020_1/output_0029/i0000584_s12_m16.jpg
data/images/03_10_2020_1/output_0005/i0000041_s12_m15.jpg
data/images/03_06_2020_0/output_0009/i0000132_s12_m16.jpg
data/images/03_06_2020_0/output_0011/i0000075_s12_m17.jpg
data/images/03_09_2020_1/output_0018/i0000254_s12_m16.jpg
data/images/03_10_2020_1/output_0006/i0000190_s12_m16.jpg
data/images/03_09_2020_1/output_0023/i0000298_s12_m16.jpg
data/images/03_10_2020_1/output_0006/i0000679_s12_m16.jpg
data/images/03_09_2020_1/output_0034/i0000439_s12_m16.jpg
data/images/03_06_2020_0/output_0009/i0000448_s12_m17.jpg
data/images/03_09_2020_1/output_0030/i0000478_s12_m16.jpg
data/images/03_10_2020_1/output_0000/i0000458_s12_m16.jpg
data/images/03_10_2020_1/output_0015/i0000621_s12_m16.jpg
data/images/03_09_2020_1/output_0022/i0000283_s12_m17.jpg
data/images/03_09_2020_1/output_0021/i0000577_s12_m17.jpg
data/images/03_10_2020_1/output_0012/i0000659_s12_m16.jpg
data/images/03_06_2020_0/output_0004/i0000526_s12_m16.jpg
data/images/03_10_2020_1/output_0011/i0001089_s12_m16.jpg
data/images/03_10_2020_1/output_0009/i0000598_s12_m16.jpg
data/images/03_09_2020_1/output_0040/i0000164_s12_m16.jpg
data/images/03_10_2020_1/output_0008/i0000152_s12_m16.jpg
data/images/03_09_2020_1/output_0034/i0000360_s12_m16.jpg
data/images/03_10_2020_1/output_0007/i0000362_s12_m16.jpg
data/images/03_09_2020_1/output_0026/i0000079_s12_m16.jpg
data/images/03_09_2020_1/output_0037/i0000651_s12_m17.jpg
data/images/03_10_2020_1/output_0001/i0000235_s12_m16.jpg
data/images/03_10_2020_1/output_0004/i0000643_s12_m16.jpg
data/images/03_10_2020_1/output_0014/i0000334_s12_m16.jpg
data/images/03_09_2020_1/output_0033/i0000054_s12_m16.jpg
data/images/03_06_2020_0/output_0009/i0000604_s12_m17.jpg
data/images/03_06_2020_0/output_0008/i0001502_s12_m16.jpg
data/images/03_09_2020_1/output_0033/i0000697_s12_m16.jpg
data/images/03_06_2020_0/output_0006/i0001034_s12_m17.jpg
data/images/03_09_2020_1/output_0043/i0000717_s12_m17.jpg
data/images/03_10_2020_1/output_0003/i0000761_s12_m16.jpg
data/images/03_09_2020_1/output_0030/i0000299_s12_m16.jpg
data/images/03_10_2020_1/output_0008/i0000941_s12_m16.jpg
data/images/03_10_2020_1/output_0014/i0000853_s12_m16.jpg
data/images/03_09_2020_1/output_0020/i0000209_s12_m17.jpg
data/images/03_09_2020_1/output_0042/i0000685_s12_m17.jpg
data/images/03_10_2020_1/output_0005/i0000028_s12_m16.jpg
data/images/03_06_2020_0/output_0008/i0000182_s12_m17.jpg
data/images/03_09_2020_1/output_0035/i0000250_s12_m17.jpg
data/images/03_06_2020_0/output_0004/i0000892_s12_m16.jpg
data/images/03_06_2020_0/output_0011/i0000599_s12_m17.jpg
data/images/03_10_2020_1/output_0014/i0000039_s12_m16.jpg
data/images/03_06_2020_0/output_0009/i0000418_s12_m16.jpg
data/images/03_10_2020_1/output_0005/i0000074_s12_m16.jpg
data/images/03_10_2020_1/output_0015/i0000500_s12_m16.jpg
data/images/03_09_2020_1/output_0039/i0000293_s12_m17.jpg
data/images/03_10_2020_1/output_0007/i0000405_s12_m16.jpg
data/images/03_10_2020_1/output_0011/i0000800_s12_m16.jpg
data/images/03_10_2020_1/output_0013/i0000557_s12_m16.jpg
data/images/03_10_2020_1/output_0004/i0000712_s12_m16.jpg
data/images/03_10_2020_1/output_0015/i0000924_s12_m18.jpg
data/images/03_09_2020_1/output_0037/i0000040_s12_m17.jpg
data/images/03_10_2020_1/output_0012/i0000508_s12_m16.jpg
data/images/03_09_2020_1/output_0031/i0000210_s12_m16.jpg
data/images/03_06_2020_0/output_0008/i0000631_s12_m17.jpg
data/images/03_10_2020_1/output_0004/i0000711_s12_m16.jpg
data/images/03_09_2020_1/output_0043/i0000573_s12_m17.jpg
data/images/03_10_2020_1/output_0012/i0000641_s12_m16.jpg
data/images/03_10_2020_1/output_0015/i0000527_s12_m16.jpg
data/images/03_10_2020_1/output_0014/i0000470_s12_m15.jpg
data/images/03_09_2020_1/output_0040/i0000301_s12_m16.jpg
data/images/03_09_2020_1/output_0022/i0000657_s12_m16.jpg
data/images/03_10_2020_1/output_0010/i0000555_s12_m16.jpg
data/images/03_10_2020_1/output_0004/i0001063_s12_m16.jpg
data/images/03_09_2020_1/output_0039/i0000187_s12_m16.jpg
data/images/03_09_2020_1/output_0033/i0000500_s12_m16.jpg
data/images/03_10_2020_1/output_0013/i0000404_s12_m16.jpg
data/images/03_09_2020_1/output_0041/i0000343_s12_m17.jpg
data/images/03_09_2020_1/output_0041/i0000568_s12_m17.jpg
data/images/03_09_2020_1/output_0042/i0000699_s12_m17.jpg
data/images/03_10_2020_1/output_0014/i0000364_s12_m16.jpg
data/images/03_10_2020_1/output_0005/i0000871_s12_m15.jpg
data/images/03_10_2020_1/output_0009/i0000748_s12_m16.jpg
data/images/03_10_2020_1/output_0005/i0000801_s12_m16.jpg
data/images/03_10_2020_1/output_0011/i0000889_s12_m16.jpg
data/images/03_09_2020_1/output_0040/i0000381_s12_m16.jpg
data/images/03_10_2020_1/output_0012/i0000434_s12_m16.jpg
data/images/03_10_2020_1/output_0010/i0000388_s12_m16.jpg
data/images/03_10_2020_1/output_0006/i0000106_s12_m16.jpg
data/images/03_06_2020_0/output_0006/i0000915_s12_m16.jpg
data/images/03_09_2020_1/output_0020/i0000595_s12_m17.jpg
data/images/03_09_2020_1/output_0023/i0000209_s12_m16.jpg
data/images/03_06_2020_0/output_0011/i0000500_s12_m17.jpg
data/images/03_09_2020_1/output_0031/i0000637_s12_m16.jpg
data/images/03_10_2020_1/output_0004/i0000143_s12_m15.jpg
data/images/03_06_2020_0/output_0006/i0000441_s12_m16.jpg
data/images/03_10_2020_1/output_0005/i0000586_s12_m16.jpg
data/images/03_06_2020_0/output_0011/i0001188_s12_m18.jpg
data/images/03_10_2020_1/output_0004/i0001081_s12_m16.jpg
data/images/03_09_2020_1/output_0033/i0000538_s12_m16.jpg
data/images/03_09_2020_1/output_0039/i0000369_s12_m17.jpg
data/images/03_10_2020_1/output_0009/i0000958_s12_m16.jpg
data/images/03_06_2020_0/output_0009/i0001089_s12_m17.jpg
data/images/03_09_2020_1/output_0029/i0000647_s12_m16.jpg
data/images/03_10_2020_1/output_0009/i0000800_s12_m15.jpg
data/images/03_09_2020_1/output_0024/i0000521_s12_m17.jpg
data/images/03_10_2020_1/output_0008/i0000873_s12_m16.jpg
data/images/03_10_2020_1/output_0007/i0000281_s12_m16.jpg
data/images/03_09_2020_1/output_0018/i0000285_s12_m16.jpg
data/images/03_10_2020_1/output_0000/i0000688_s12_m16.jpg
data/images/03_06_2020_0/output_0009/i0000637_s12_m16.jpg
data/images/03_09_2020_1/output_0043/i0000657_s12_m17.jpg
data/images/03_10_2020_1/output_0014/i0000101_s12_m16.jpg
data/images/03_09_2020_1/output_0037/i0000626_s12_m17.jpg
data/images/03_06_2020_0/output_0004/i0000802_s12_m16.jpg
data/images/03_09_2020_1/output_0035/i0000398_s12_m16.jpg
data/images/03_09_2020_1/output_0029/i0000279_s12_m17.jpg
data/images/03_10_2020_1/output_0003/i0000127_s12_m16.jpg
data/images/03_10_2020_1/output_0015/i0000626_s12_m16.jpg
data/images/03_09_2020_1/output_0031/i0000831_s12_m17.jpg
data/images/03_09_2020_1/output_0030/i0000627_s12_m17.jpg
data/images/03_09_2020_1/output_0036/i0000451_s12_m16.jpg
data/images/03_09_2020_1/output_0042/i0000330_s12_m16.jpg
data/images/03_09_2020_1/output_0024/i0000360_s12_m17.jpg
data/images/03_10_2020_1/output_0004/i0001087_s12_m16.jpg
data/images/03_09_2020_1/output_0033/i0000299_s12_m16.jpg
data/images/03_06_2020_0/output_0008/i0000978_s12_m16.jpg
data/images/03_06_2020_0/output_0008/i0000693_s12_m16.jpg
data/images/03_06_2020_0/output_0004/i0000715_s12_m17.jpg
data/images/03_06_2020_0/output_0011/i0000623_s12_m17.jpg
data/images/03_10_2020_1/output_0004/i0000521_s12_m16.jpg
data/images/03_10_2020_1/output_0011/i0000339_s12_m16.jpg
data/images/03_06_2020_0/output_0008/i0000188_s12_m17.jpg
data/images/03_10_2020_1/output_0005/i0000042_s12_m15.jpg
data/images/03_09_2020_1/output_0019/i0000277_s12_m16.jpg
data/images/03_09_2020_1/output_0040/i0000489_s12_m17.jpg
data/images/03_09_2020_1/output_0030/i0000528_s12_m17.jpg
data/images/03_09_2020_1/output_0024/i0000153_s12_m17.jpg
data/images/03_09_2020_1/output_0017/i0000276_s12_m17.jpg
data/images/03_10_2020_1/output_0007/i0000502_s12_m16.jpg
data/images/03_09_2020_1/output_0039/i0000070_s12_m16.jpg
data/images/03_09_2020_1/output_0038/i0000330_s12_m17.jpg
data/images/03_10_2020_1/output_0000/i0000484_s12_m16.jpg
data/images/03_10_2020_1/output_0014/i0000548_s12_m16.jpg
data/images/03_09_2020_1/output_0019/i0000495_s12_m17.jpg
data/images/03_09_2020_1/output_0026/i0000549_s12_m17.jpg
data/images/03_09_2020_1/output_0018/i0000411_s12_m16.jpg
data/images/03_10_2020_1/output_0002/i0000219_s12_m15.jpg
data/images/03_09_2020_1/output_0026/i0000243_s12_m17.jpg
data/images/03_10_2020_1/output_0011/i0000389_s12_m16.jpg
data/images/03_09_2020_1/output_0013/i0000187_s12_m16.jpg
data/images/03_09_2020_1/output_0020/i0000686_s12_m17.jpg
data/images/03_09_2020_1/output_0019/i0000623_s12_m17.jpg
data/images/03_10_2020_1/output_0009/i0000650_s12_m16.jpg
data/images/03_10_2020_1/output_0001/i0000379_s12_m16.jpg
data/images/03_10_2020_1/output_0007/i0000295_s12_m16.jpg
data/images/03_10_2020_1/output_0005/i0000651_s12_m16.jpg
data/images/03_09_2020_1/output_0035/i0000437_s12_m16.jpg
data/images/03_09_2020_1/output_0033/i0000571_s12_m16.jpg
data/images/03_10_2020_1/output_0006/i0000170_s12_m16.jpg
data/images/03_09_2020_1/output_0033/i0000562_s12_m16.jpg
data/images/03_06_2020_0/output_0004/i0001282_s12_m16.jpg
data/images/03_10_2020_1/output_0009/i0000083_s12_m16.jpg
data/images/03_10_2020_1/output_0016/i0000364_s12_m18.jpg
data/images/03_09_2020_1/output_0019/i0000114_s12_m16.jpg
data/images/03_09_2020_1/output_0026/i0000526_s12_m17.jpg
data/images/03_09_2020_1/output_0024/i0000430_s12_m17.jpg
data/images/03_09_2020_1/output_0035/i0000399_s12_m16.jpg
data/images/03_09_2020_1/output_0044/i0000116_s12_m16.jpg
data/images/03_10_2020_1/output_0005/i0000420_s12_m16.jpg
data/images/03_09_2020_1/output_0026/i0000495_s12_m17.jpg
data/images/03_06_2020_0/output_0004/i0000967_s12_m16.jpg
data/images/03_09_2020_1/output_0026/i0000117_s12_m17.jpg
data/images/03_10_2020_1/output_0009/i0000404_s12_m16.jpg
data/images/03_09_2020_1/output_0021/i0000092_s12_m16.jpg
data/images/03_09_2020_1/output_0033/i0000151_s12_m16.jpg
data/images/03_09_2020_1/output_0026/i0000206_s12_m17.jpg
data/images/03_09_2020_1/output_0034/i0000022_s12_m17.jpg
data/images/03_09_2020_1/output_0023/i0000595_s12_m17.jpg
data/images/03_09_2020_1/output_0032/i0000611_s12_m17.jpg
data/images/03_09_2020_1/output_0021/i0000593_s12_m17.jpg
data/images/03_06_2020_0/output_0008/i0000417_s12_m17.jpg
data/images/03_10_2020_1/output_0003/i0000228_s12_m16.jpg
data/images/03_06_2020_0/output_0011/i0000318_s12_m17.jpg
data/images/03_09_2020_1/output_0043/i0000685_s12_m17.jpg
data/images/03_10_2020_1/output_0008/i0000419_s12_m16.jpg
data/images/03_09_2020_1/output_0036/i0000404_s12_m16.jpg
data/images/03_09_2020_1/output_0017/i0000033_s12_m16.jpg
data/images/03_10_2020_1/output_0001/i0000092_s12_m16.jpg
data/images/03_06_2020_0/output_0008/i0001394_s12_m17.jpg
data/images/03_10_2020_1/output_0011/i0000955_s12_m16.jpg
data/images/03_09_2020_1/output_0040/i0000084_s12_m16.jpg
data/images/03_10_2020_1/output_0000/i0000226_s12_m16.jpg
data/images/03_10_2020_1/output_0012/i0000407_s12_m16.jpg
data/images/03_06_2020_0/output_0008/i0001161_s12_m17.jpg
data/images/03_10_2020_1/output_0008/i0000940_s12_m16.jpg
data/images/03_10_2020_1/output_0013/i0000838_s12_m16.jpg
data/images/03_09_2020_1/output_0031/i0000581_s12_m17.jpg
data/images/03_10_2020_1/output_0012/i0000275_s12_m16.jpg
data/images/03_09_2020_1/output_0035/i0000381_s12_m17.jpg
data/images/03_10_2020_1/output_0013/i0000786_s12_m16.jpg
data/images/03_06_2020_0/output_0011/i0001433_s12_m18.jpg
data/images/03_09_2020_1/output_0031/i0000818_s12_m17.jpg
data/images/03_10_2020_1/output_0003/i0000281_s12_m16.jpg
data/images/03_06_2020_0/output_0008/i0000531_s12_m17.jpg
data/images/03_09_2020_1/output_0043/i0000495_s12_m17.jpg
data/images/03_09_2020_1/output_0026/i0000086_s12_m16.jpg
data/images/03_09_2020_1/output_0043/i0000352_s12_m17.jpg
data/images/03_10_2020_1/output_0016/i0000214_s12_m17.jpg
data/images/03_10_2020_1/output_0011/i0000484_s12_m16.jpg
data/images/03_10_2020_1/output_0015/i0000127_s12_m16.jpg
data/images/03_06_2020_0/output_0008/i0000899_s12_m16.jpg
data/images/03_09_2020_1/output_0037/i0000365_s12_m16.jpg
data/images/03_09_2020_1/output_0032/i0000499_s12_m17.jpg
data/images/03_09_2020_1/output_0042/i0000239_s12_m16.jpg
data/images/03_09_2020_1/output_0037/i0000233_s12_m17.jpg
data/images/03_09_2020_1/output_0042/i0000256_s12_m17.jpg
data/images/03_10_2020_1/output_0004/i0000472_s12_m15.jpg
data/images/03_09_2020_1/output_0026/i0000203_s12_m16.jpg
data/images/03_06_2020_0/output_0006/i0001024_s12_m17.jpg
data/images/03_09_2020_1/output_0031/i0000316_s12_m17.jpg
data/images/03_09_2020_1/output_0030/i0000051_s12_m17.jpg
data/images/03_09_2020_1/output_0029/i0000390_s12_m16.jpg
data/images/03_10_2020_1/output_0001/i0000286_s12_m16.jpg
data/images/03_10_2020_1/output_0014/i0000763_s12_m16.jpg
data/images/03_09_2020_1/output_0026/i0000155_s12_m17.jpg
data/images/03_09_2020_1/output_0039/i0000345_s12_m17.jpg
data/images/03_09_2020_1/output_0032/i0000340_s12_m17.jpg
data/images/03_09_2020_1/output_0039/i0000294_s12_m17.jpg
data/images/03_10_2020_1/output_0006/i0000105_s12_m16.jpg
data/images/03_09_2020_1/output_0024/i0000064_s12_m16.jpg
data/images/03_09_2020_1/output_0038/i0000593_s12_m17.jpg
data/images/03_10_2020_1/output_0016/i0000086_s12_m17.jpg
data/images/03_09_2020_1/output_0035/i0000562_s12_m17.jpg
data/images/03_10_2020_1/output_0007/i0000111_s12_m16.jpg
data/images/03_09_2020_1/output_0031/i0000653_s12_m16.jpg
data/images/03_09_2020_1/output_0042/i0000634_s12_m16.jpg
data/images/03_09_2020_1/output_0031/i0000169_s12_m16.jpg
data/images/03_09_2020_1/output_0018/i0000401_s12_m16.jpg
data/images/03_10_2020_1/output_0005/i0000606_s12_m16.jpg
data/images/03_10_2020_1/output_0014/i0000409_s12_m15.jpg
data/images/03_10_2020_1/output_0009/i0000908_s12_m16.jpg
data/images/03_10_2020_1/output_0011/i0000116_s12_m16.jpg
data/images/03_10_2020_1/output_0008/i0000233_s12_m16.jpg
data/images/03_09_2020_1/output_0021/i0000325_s12_m17.jpg
data/images/03_10_2020_1/output_0010/i0000671_s12_m16.jpg
data/images/03_09_2020_1/output_0029/i0000481_s12_m16.jpg
data/images/03_10_2020_1/output_0004/i0000760_s12_m16.jpg
data/images/03_10_2020_1/output_0015/i0000567_s12_m16.jpg
data/images/03_06_2020_0/output_0011/i0000145_s12_m17.jpg
data/images/03_09_2020_1/output_0039/i0000261_s12_m17.jpg
data/images/03_09_2020_1/output_0029/i0000404_s12_m16.jpg
data/images/03_09_2020_1/output_0039/i0000503_s12_m17.jpg
data/images/03_09_2020_1/output_0024/i0000203_s12_m17.jpg
data/images/03_09_2020_1/output_0020/i0000448_s12_m17.jpg
data/images/03_10_2020_1/output_0009/i0000969_s12_m16.jpg
data/images/03_09_2020_1/output_0022/i0000418_s12_m17.jpg
data/images/03_09_2020_1/output_0038/i0000303_s12_m17.jpg
data/images/03_09_2020_1/output_0040/i0000417_s12_m16.jpg
data/images/03_06_2020_0/output_0011/i0000563_s12_m17.jpg
data/images/03_09_2020_1/output_0043/i0000537_s12_m17.jpg
data/images/03_10_2020_1/output_0014/i0000849_s12_m16.jpg
data/images/03_10_2020_1/output_0006/i0000664_s12_m16.jpg
data/images/03_09_2020_1/output_0038/i0000329_s12_m17.jpg
data/images/03_09_2020_1/output_0043/i0000045_s12_m16.jpg
data/images/03_06_2020_0/output_0006/i0000972_s12_m17.jpg
data/images/03_10_2020_1/output_0003/i0000203_s12_m16.jpg
data/images/03_09_2020_1/output_0040/i0000589_s12_m17.jpg
data/images/03_09_2020_1/output_0036/i0000696_s12_m17.jpg
data/images/03_09_2020_1/output_0024/i0000355_s12_m17.jpg
data/images/03_10_2020_1/output_0015/i0000308_s12_m16.jpg
data/images/03_09_2020_1/output_0023/i0000162_s12_m16.jpg
data/images/03_09_2020_1/output_0034/i0000110_s12_m16.jpg
data/images/03_06_2020_0/output_0011/i0000450_s12_m17.jpg
data/images/03_09_2020_1/output_0020/i0000672_s12_m17.jpg
data/images/03_10_2020_1/output_0015/i0000540_s12_m16.jpg
data/images/03_09_2020_1/output_0043/i0000536_s12_m17.jpg
data/images/03_06_2020_0/output_0011/i0000293_s12_m17.jpg
data/images/03_09_2020_1/output_0019/i0000244_s12_m17.jpg
data/images/03_09_2020_1/output_0043/i0000594_s12_m17.jpg
data/images/03_09_2020_1/output_0030/i0000951_s12_m17.jpg
data/images/03_10_2020_1/output_0013/i0000374_s12_m16.jpg
data/images/03_09_2020_1/output_0022/i0000251_s12_m17.jpg
data/images/03_09_2020_1/output_0031/i0000585_s12_m17.jpg
data/images/03_10_2020_1/output_0007/i0000441_s12_m16.jpg
data/images/03_10_2020_1/output_0004/i0000931_s12_m16.jpg
data/images/03_10_2020_1/output_0000/i0000267_s12_m16.jpg
data/images/03_06_2020_0/output_0004/i0001384_s12_m17.jpg
data/images/03_09_2020_1/output_0022/i0000574_s12_m16.jpg
data/images/03_10_2020_1/output_0007/i0000640_s12_m16.jpg
data/images/03_09_2020_1/output_0031/i0000593_s12_m17.jpg
data/images/03_06_2020_0/output_0008/i0001049_s12_m16.jpg
data/images/03_06_2020_0/output_0011/i0000621_s12_m17.jpg
data/images/03_10_2020_1/output_0015/i0000499_s12_m16.jpg
data/images/03_06_2020_0/output_0009/i0000979_s12_m17.jpg
data/images/03_06_2020_0/output_0006/i0001228_s12_m16.jpg
data/images/03_06_2020_0/output_0011/i0000684_s12_m17.jpg
data/images/03_09_2020_1/output_0038/i0000354_s12_m17.jpg
data/images/03_09_2020_1/output_0040/i0000709_s12_m17.jpg
data/images/03_10_2020_1/output_0013/i0000578_s12_m16.jpg
data/images/03_10_2020_1/output_0003/i0000759_s12_m16.jpg
data/images/03_09_2020_1/output_0021/i0000221_s12_m17.jpg
data/images/03_09_2020_1/output_0037/i0000237_s12_m17.jpg
data/images/03_09_2020_1/output_0035/i0000743_s12_m17.jpg
data/images/03_09_2020_1/output_0041/i0000728_s12_m16.jpg
data/images/03_10_2020_1/output_0003/i0000422_s12_m16.jpg
data/images/03_06_2020_0/output_0004/i0000981_s12_m16.jpg
data/images/03_09_2020_1/output_0041/i0000289_s12_m16.jpg
data/images/03_09_2020_1/output_0026/i0000084_s12_m16.jpg
data/images/03_09_2020_1/output_0033/i0000677_s12_m16.jpg
data/images/03_09_2020_1/output_0044/i0000119_s12_m16.jpg
data/images/03_10_2020_1/output_0013/i0000584_s12_m16.jpg
data/images/03_10_2020_1/output_0016/i0000213_s12_m17.jpg
data/images/03_09_2020_1/output_0013/i0000581_s12_m17.jpg
data/images/03_09_2020_1/output_0044/i0000313_s12_m18.jpg
data/images/03_09_2020_1/output_0043/i0000285_s12_m16.jpg
data/images/03_09_2020_1/output_0026/i0000472_s12_m17.jpg
data/images/03_09_2020_1/output_0030/i0000187_s12_m16.jpg
data/images/03_10_2020_1/output_0013/i0000812_s12_m16.jpg
data/images/03_10_2020_1/output_0003/i0000623_s12_m16.jpg
data/images/03_09_2020_1/output_0035/i0000421_s12_m16.jpg
data/images/03_10_2020_1/output_0012/i0000323_s12_m16.jpg
data/images/03_10_2020_1/output_0013/i0000418_s12_m16.jpg
data/images/03_06_2020_0/output_0004/i0001333_s12_m16.jpg
data/images/03_10_2020_1/output_0012/i0000733_s12_m16.jpg
data/images/03_09_2020_1/output_0021/i0000682_s12_m17.jpg
data/images/03_09_2020_1/output_0037/i0000410_s12_m17.jpg
data/images/03_09_2020_1/output_0037/i0000485_s12_m17.jpg
data/images/03_10_2020_1/output_0003/i0000633_s12_m16.jpg
data/images/03_09_2020_1/output_0026/i0000296_s12_m17.jpg
data/images/03_10_2020_1/output_0000/i0000282_s12_m16.jpg
data/images/03_10_2020_1/output_0014/i0000724_s12_m16.jpg
data/images/03_06_2020_0/output_0004/i0000433_s12_m16.jpg
data/images/03_06_2020_0/output_0008/i0000293_s12_m17.jpg
data/images/03_09_2020_1/output_0033/i0000606_s12_m16.jpg
data/images/03_06_2020_0/output_0009/i0000665_s12_m17.jpg
data/images/03_10_2020_1/output_0013/i0000233_s12_m16.jpg
data/images/03_10_2020_1/output_0014/i0000776_s12_m16.jpg
data/images/03_06_2020_0/output_0004/i0001178_s12_m16.jpg
data/images/03_09_2020_1/output_0036/i0000444_s12_m16.jpg
data/images/03_09_2020_1/output_0042/i0000599_s12_m16.jpg
data/images/03_09_2020_1/output_0037/i0000714_s12_m17.jpg
data/images/03_10_2020_1/output_0011/i0000132_s12_m16.jpg
data/images/03_10_2020_1/output_0006/i0000471_s12_m16.jpg
data/images/03_09_2020_1/output_0042/i0000557_s12_m17.jpg
data/images/03_06_2020_0/output_0008/i0000754_s12_m17.jpg
data/images/03_09_2020_1/output_0013/i0000157_s12_m16.jpg
data/images/03_10_2020_1/output_0016/i0000101_s12_m18.jpg
data/images/03_10_2020_1/output_0010/i0000297_s12_m16.jpg
data/images/03_09_2020_1/output_0027/i0000109_s12_m18.jpg
data/images/03_09_2020_1/output_0030/i0000711_s12_m17.jpg
data/images/03_09_2020_1/output_0039/i0000233_s12_m17.jpg
data/images/03_09_2020_1/output_0042/i0000098_s12_m16.jpg
data/images/03_09_2020_1/output_0023/i0000160_s12_m16.jpg
data/images/03_06_2020_0/output_0006/i0000064_s12_m17.jpg
data/images/03_09_2020_1/output_0044/i0000359_s12_m18.jpg
data/images/03_10_2020_1/output_0007/i0000836_s12_m15.jpg
data/images/03_09_2020_1/output_0019/i0000358_s12_m17.jpg
data/images/03_09_2020_1/output_0026/i0000494_s12_m17.jpg
data/images/03_09_2020_1/output_0035/i0000237_s12_m17.jpg
data/images/03_09_2020_1/output_0031/i0000625_s12_m16.jpg
data/images/03_10_2020_1/output_0012/i0000557_s12_m16.jpg
data/images/03_09_2020_1/output_0023/i0000120_s12_m16.jpg
data/images/03_09_2020_1/output_0022/i0000382_s12_m17.jpg
data/images/03_06_2020_0/output_0011/i0001000_s12_m17.jpg
data/images/03_06_2020_0/output_0011/i0000587_s12_m17.jpg
data/images/03_10_2020_1/output_0000/i0000410_s12_m16.jpg
data/images/03_10_2020_1/output_0004/i0000574_s12_m16.jpg
data/images/03_10_2020_1/output_0000/i0000650_s12_m15.jpg
data/images/03_10_2020_1/output_0006/i0000284_s12_m16.jpg
data/images/03_09_2020_1/output_0042/i0000547_s12_m17.jpg
data/images/03_10_2020_1/output_0008/i0000981_s12_m16.jpg
data/images/03_10_2020_1/output_0007/i0000431_s12_m16.jpg
data/images/03_09_2020_1/output_0021/i0000346_s12_m17.jpg
data/images/03_09_2020_1/output_0023/i0000303_s12_m16.jpg
data/images/03_09_2020_1/output_0032/i0000173_s12_m17.jpg
data/images/03_09_2020_1/output_0026/i0000254_s12_m17.jpg
data/images/03_09_2020_1/output_0038/i0000088_s12_m16.jpg
data/images/03_09_2020_1/output_0036/i0000436_s12_m16.jpg
data/images/03_10_2020_1/output_0011/i0000105_s12_m16.jpg
data/images/03_10_2020_1/output_0008/i0000060_s12_m16.jpg
data/images/03_10_2020_1/output_0010/i0000853_s12_m16.jpg
data/images/03_10_2020_1/output_0013/i0000416_s12_m16.jpg
data/images/03_09_2020_1/output_0013/i0000052_s12_m17.jpg
data/images/03_10_2020_1/output_0014/i0000311_s12_m16.jpg
data/images/03_09_2020_1/output_0026/i0000156_s12_m17.jpg
data/images/03_10_2020_1/output_0012/i0000312_s12_m16.jpg
data/images/03_09_2020_1/output_0027/i0000234_s12_m18.jpg
data/images/03_09_2020_1/output_0043/i0000600_s12_m17.jpg
data/images/03_10_2020_1/output_0004/i0000256_s12_m16.jpg
data/images/03_09_2020_1/output_0043/i0000027_s12_m17.jpg
data/images/03_10_2020_1/output_0003/i0000946_s12_m16.jpg
data/images/03_09_2020_1/output_0014/i0000423_s12_m17.jpg
data/images/03_10_2020_1/output_0015/i0000580_s12_m16.jpg
data/images/03_09_2020_1/output_0039/i0000331_s12_m17.jpg
data/images/03_10_2020_1/output_0013/i0000701_s12_m16.jpg
data/images/03_09_2020_1/output_0034/i0000387_s12_m16.jpg
data/images/03_10_2020_1/output_0009/i0000529_s12_m16.jpg
data/images/03_10_2020_1/output_0005/i0000346_s12_m16.jpg
data/images/03_09_2020_1/output_0044/i0000115_s12_m16.jpg
data/images/03_10_2020_1/output_0008/i0000490_s12_m16.jpg
data/images/03_09_2020_1/output_0041/i0000590_s12_m17.jpg
data/images/03_10_2020_1/output_0009/i0000085_s12_m16.jpg
data/images/03_10_2020_1/output_0010/i0000935_s12_m16.jpg
data/images/03_09_2020_1/output_0043/i0000684_s12_m17.jpg
data/images/03_09_2020_1/output_0039/i0000490_s12_m17.jpg
data/images/03_09_2020_1/output_0040/i0000415_s12_m16.jpg
data/images/03_09_2020_1/output_0021/i0000610_s12_m17.jpg
data/images/03_10_2020_1/output_0006/i0000153_s12_m16.jpg
data/images/03_09_2020_1/output_0036/i0000022_s12_m17.jpg
data/images/03_09_2020_1/output_0020/i0000307_s12_m17.jpg
data/images/03_09_2020_1/output_0040/i0000413_s12_m16.jpg
data/images/03_10_2020_1/output_0005/i0000527_s12_m16.jpg
data/images/03_10_2020_1/output_0013/i0000747_s12_m16.jpg
data/images/03_09_2020_1/output_0016/i0000595_s12_m16.jpg
data/images/03_09_2020_1/output_0036/i0000345_s12_m16.jpg
data/images/03_09_2020_1/output_0018/i0000667_s12_m16.jpg
data/images/03_09_2020_1/output_0030/i0000040_s12_m16.jpg
data/images/03_10_2020_1/output_0008/i0000178_s12_m16.jpg
data/images/03_10_2020_1/output_0004/i0001034_s12_m16.jpg
data/images/03_09_2020_1/output_0034/i0000334_s12_m16.jpg
data/images/03_06_2020_0/output_0008/i0000610_s12_m16.jpg
data/images/03_06_2020_0/output_0011/i0000544_s12_m17.jpg
data/images/03_09_2020_1/output_0044/i0000203_s12_m18.jpg
data/images/03_09_2020_1/output_0020/i0000673_s12_m17.jpg
data/images/03_09_2020_1/output_0015/i0000028_s12_m16.jpg
data/images/03_06_2020_0/output_0006/i0000851_s12_m16.jpg
data/images/03_10_2020_1/output_0011/i0001001_s12_m16.jpg
data/images/03_09_2020_1/output_0034/i0000153_s12_m16.jpg
data/images/03_09_2020_1/output_0019/i0000576_s12_m17.jpg
data/images/03_06_2020_0/output_0009/i0000684_s12_m17.jpg
data/images/03_09_2020_1/output_0034/i0000036_s12_m16.jpg
data/images/03_10_2020_1/output_0015/i0000628_s12_m16.jpg
data/images/03_09_2020_1/output_0033/i0000565_s12_m16.jpg
data/images/03_10_2020_1/output_0013/i0000517_s12_m16.jpg
data/images/03_09_2020_1/output_0026/i0000555_s12_m17.jpg
data/images/03_06_2020_0/output_0006/i0001237_s12_m16.jpg
data/images/03_09_2020_1/output_0026/i0000158_s12_m17.jpg
data/images/03_09_2020_1/output_0037/i0000718_s12_m17.jpg
data/images/03_10_2020_1/output_0008/i0000673_s12_m15.jpg
data/images/03_09_2020_1/output_0030/i0000396_s12_m17.jpg
data/images/03_09_2020_1/output_0031/i0000083_s12_m16.jpg
data/images/03_09_2020_1/output_0041/i0000729_s12_m16.jpg
data/images/03_09_2020_1/output_0038/i0000689_s12_m16.jpg
data/images/03_10_2020_1/output_0004/i0000545_s12_m15.jpg
data/images/03_10_2020_1/output_0006/i0000800_s12_m16.jpg
data/images/03_10_2020_1/output_0000/i0000302_s12_m16.jpg
data/images/03_10_2020_1/output_0001/i0000158_s12_m15.jpg
data/images/03_10_2020_1/output_0007/i0000533_s12_m16.jpg
data/images/03_09_2020_1/output_0033/i0000058_s12_m16.jpg
data/images/03_09_2020_1/output_0041/i0000309_s12_m17.jpg
data/images/03_09_2020_1/output_0021/i0000182_s12_m17.jpg
data/images/03_09_2020_1/output_0024/i0000204_s12_m17.jpg
data/images/03_06_2020_0/output_0006/i0000614_s12_m17.jpg
data/images/03_09_2020_1/output_0023/i0000382_s12_m16.jpg
data/images/03_06_2020_0/output_0009/i0000173_s12_m16.jpg
data/images/03_10_2020_1/output_0013/i0000839_s12_m16.jpg
data/images/03_09_2020_1/output_0022/i0000632_s12_m16.jpg
data/images/03_10_2020_1/output_0008/i0001061_s12_m16.jpg
data/images/03_09_2020_1/output_0021/i0000363_s12_m17.jpg
data/images/03_10_2020_1/output_0014/i0000308_s12_m16.jpg
data/images/03_10_2020_1/output_0003/i0000872_s12_m16.jpg
data/images/03_09_2020_1/output_0021/i0000592_s12_m17.jpg
data/images/03_06_2020_0/output_0004/i0001283_s12_m16.jpg
data/images/03_10_2020_1/output_0011/i0000830_s12_m16.jpg
data/images/03_10_2020_1/output_0009/i0000068_s12_m16.jpg
data/images/03_09_2020_1/output_0019/i0000418_s12_m17.jpg
data/images/03_10_2020_1/output_0013/i0000577_s12_m16.jpg
data/images/03_09_2020_1/output_0036/i0000356_s12_m16.jpg
data/images/03_10_2020_1/output_0013/i0000489_s12_m16.jpg
data/images/03_10_2020_1/output_0003/i0000861_s12_m16.jpg
data/images/03_09_2020_1/output_0026/i0000084_s12_m16.jpg
data/images/03_06_2020_0/output_0008/i0001145_s12_m17.jpg
data/images/03_09_2020_1/output_0023/i0000163_s12_m16.jpg
data/images/03_09_2020_1/output_0043/i0000634_s12_m17.jpg
data/images/03_10_2020_1/output_0013/i0000748_s12_m16.jpg
data/images/03_10_2020_1/output_0000/i0000456_s12_m16.jpg
data/images/03_09_2020_1/output_0033/i0000212_s12_m16.jpg
data/images/03_10_2020_1/output_0012/i0000283_s12_m16.jpg
data/images/03_09_2020_1/output_0030/i0000100_s12_m16.jpg
data/images/03_10_2020_1/output_0003/i0000398_s12_m16.jpg
data/images/03_10_2020_1/output_0011/i0000534_s12_m16.jpg
data/images/03_10_2020_1/output_0003/i0000778_s12_m16.jpg
data/images/03_09_2020_1/output_0019/i0000307_s12_m16.jpg
data/images/03_06_2020_0/output_0011/i0000899_s12_m17.jpg
data/images/03_09_2020_1/output_0043/i0000035_s12_m16.jpg
data/images/03_09_2020_1/output_0023/i0000509_s12_m17.jpg
data/images/03_09_2020_1/output_0041/i0000323_s12_m17.jpg
data/images/03_09_2020_1/output_0030/i0000471_s12_m16.jpg
data/images/03_06_2020_0/output_0004/i0000847_s12_m16.jpg
data/images/03_06_2020_0/output_0011/i0000801_s12_m16.jpg
data/images/03_10_2020_1/output_0016/i0000029_s12_m18.jpg
data/images/03_06_2020_0/output_0004/i0000914_s12_m16.jpg
data/images/03_09_2020_1/output_0019/i0000369_s12_m17.jpg
data/images/03_06_2020_0/output_0004/i0000170_s12_m16.jpg
data/images/03_09_2020_1/output_0026/i0000333_s12_m17.jpg
data/images/03_10_2020_1/output_0016/i0000120_s12_m18.jpg
data/images/03_09_2020_1/output_0031/i0000862_s12_m16.jpg
data/images/03_10_2020_1/output_0015/i0000201_s12_m16.jpg
data/images/03_10_2020_1/output_0006/i0000369_s12_m16.jpg
data/images/03_09_2020_1/output_0040/i0000163_s12_m16.jpg
data/images/03_10_2020_1/output_0006/i0000697_s12_m16.jpg
data/images/03_09_2020_1/output_0021/i0000374_s12_m17.jpg
data/images/03_09_2020_1/output_0024/i0000278_s12_m17.jpg
data/images/03_06_2020_0/output_0006/i0001352_s12_m17.jpg
data/images/03_10_2020_1/output_0004/i0001037_s12_m16.jpg
data/images/03_09_2020_1/output_0032/i0000791_s12_m17.jpg
data/images/03_10_2020_1/output_0011/i0000828_s12_m16.jpg
data/images/03_09_2020_1/output_0037/i0000308_s12_m17.jpg
data/images/03_09_2020_1/output_0035/i0000567_s12_m17.jpg
data/images/03_09_2020_1/output_0020/i0000619_s12_m17.jpg
data/images/03_06_2020_0/output_0009/i0000070_s12_m17.jpg
data/images/03_06_2020_0/output_0008/i0000223_s12_m17.jpg
data/images/03_09_2020_1/output_0040/i0000708_s12_m17.jpg
data/images/03_10_2020_1/output_0013/i0000615_s12_m16.jpg
data/images/03_09_2020_1/output_0033/i0000504_s12_m16.jpg
data/images/03_10_2020_1/output_0004/i0000499_s12_m16.jpg
data/images/03_09_2020_1/output_0037/i0000753_s12_m17.jpg
data/images/03_10_2020_1/output_0009/i0000634_s12_m16.jpg
data/images/03_10_2020_1/output_0014/i0000553_s12_m16.jpg
data/images/03_09_2020_1/output_0040/i0000112_s12_m16.jpg
data/images/03_09_2020_1/output_0026/i0000467_s12_m17.jpg
data/images/03_09_2020_1/output_0033/i0000093_s12_m16.jpg
data/images/03_09_2020_1/output_0043/i0000496_s12_m17.jpg
data/images/03_09_2020_1/output_0035/i0000220_s12_m17.jpg
data/images/03_09_2020_1/output_0029/i0000557_s12_m16.jpg
data/images/03_09_2020_1/output_0013/i0000435_s12_m16.jpg
data/images/03_06_2020_0/output_0011/i0000256_s12_m17.jpg
data/images/03_09_2020_1/output_0026/i0000134_s12_m17.jpg
data/images/03_10_2020_1/output_0003/i0000693_s12_m16.jpg
data/images/03_06_2020_0/output_0004/i0001275_s12_m17.jpg
data/images/03_09_2020_1/output_0041/i0000666_s12_m17.jpg
data/images/03_06_2020_0/output_0004/i0000372_s12_m16.jpg
data/images/03_10_2020_1/output_0012/i0000022_s12_m16.jpg
data/images/03_10_2020_1/output_0014/i0000722_s12_m16.jpg
data/images/03_09_2020_1/output_0044/i0000081_s12_m17.jpg
data/images/03_10_2020_1/output_0010/i0000400_s12_m16.jpg
data/images/03_12_2020_0/output_0001/i0000393_s12_m17.jpg
data/images/03_10_2020_1/output_0005/i0000526_s12_m16.jpg
data/images/03_09_2020_1/output_0043/i0000510_s12_m17.jpg
data/images/03_09_2020_1/output_0021/i0000279_s12_m17.jpg
data/images/03_09_2020_1/output_0037/i0000320_s12_m17.jpg
data/images/03_06_2020_0/output_0006/i0000224_s12_m17.jpg
data/images/03_10_2020_1/output_0011/i0001049_s12_m16.jpg
data/images/03_09_2020_1/output_0040/i0000037_s12_m16.jpg
data/images/03_10_2020_1/output_0013/i0000913_s12_m16.jpg
data/images/03_09_2020_1/output_0024/i0000138_s12_m16.jpg
data/images/03_09_2020_1/output_0026/i0000038_s12_m16.jpg
data/images/03_09_2020_1/output_0036/i0000280_s12_m16.jpg
data/images/03_09_2020_1/output_0022/i0000085_s12_m17.jpg
data/images/03_09_2020_1/output_0035/i0000130_s12_m17.jpg
data/images/03_10_2020_1/output_0012/i0000021_s12_m16.jpg
data/images/03_09_2020_1/output_0038/i0000441_s12_m17.jpg
data/images/03_10_2020_1/output_0003/i0000432_s12_m16.jpg
data/images/03_10_2020_1/output_0005/i0000443_s12_m16.jpg
data/images/03_09_2020_1/output_0042/i0000436_s12_m17.jpg
data/images/03_10_2020_1/output_0012/i0000555_s12_m16.jpg
data/images/03_10_2020_1/output_0013/i0000402_s12_m16.jpg
data/images/03_09_2020_1/output_0030/i0000881_s12_m16.jpg
data/images/03_09_2020_1/output_0042/i0000540_s12_m17.jpg
data/images/03_09_2020_1/output_0044/i0000283_s12_m18.jpg
data/images/03_06_2020_0/output_0008/i0000682_s12_m16.jpg
data/images/03_09_2020_1/output_0021/i0000264_s12_m17.jpg
data/images/03_09_2020_1/output_0023/i0000055_s12_m16.jpg
data/images/03_09_2020_1/output_0037/i0000271_s12_m17.jpg
data/images/03_10_2020_1/output_0006/i0000656_s12_m16.jpg
data/images/03_10_2020_1/output_0003/i0000543_s12_m16.jpg
data/images/03_10_2020_1/output_0004/i0000930_s12_m16.jpg
data/images/03_10_2020_1/output_0012/i0000575_s12_m16.jpg
data/images/03_10_2020_1/output_0004/i0000121_s12_m15.jpg
data/images/03_09_2020_1/output_0038/i0000273_s12_m16.jpg
data/images/03_10_2020_1/output_0015/i0000458_s12_m16.jpg
data/images/03_06_2020_0/output_0006/i0000619_s12_m17.jpg
data/images/03_10_2020_1/output_0008/i0000972_s12_m16.jpg
data/images/03_09_2020_1/output_0036/i0000176_s12_m17.jpg
data/images/03_10_2020_1/output_0015/i0000369_s12_m16.jpg
data/images/03_06_2020_0/output_0008/i0000523_s12_m17.jpg
data/images/03_09_2020_1/output_0017/i0000251_s12_m17.jpg
data/images/03_10_2020_1/output_0009/i0000649_s12_m16.jpg
data/images/03_09_2020_1/output_0032/i0000522_s12_m16.jpg
data/images/03_10_2020_1/output_0001/i0000342_s12_m16.jpg
data/images/03_06_2020_0/output_0008/i0001051_s12_m17.jpg
data/images/03_09_2020_1/output_0030/i0000686_s12_m16.jpg
data/images/03_09_2020_1/output_0018/i0000298_s12_m15.jpg
data/images/03_09_2020_1/output_0024/i0000151_s12_m16.jpg
data/images/03_09_2020_1/output_0021/i0000362_s12_m17.jpg
data/images/03_06_2020_0/output_0009/i0001120_s12_m17.jpg
data/images/03_09_2020_1/output_0016/i0000137_s12_m16.jpg
data/images/03_09_2020_1/output_0037/i0000775_s12_m16.jpg
data/images/03_09_2020_1/output_0039/i0000288_s12_m17.jpg
data/images/03_09_2020_1/output_0037/i0000549_s12_m17.jpg
data/images/03_09_2020_1/output_0034/i0000436_s12_m16.jpg
data/images/03_09_2020_1/output_0042/i0000049_s12_m16.jpg
data/images/03_09_2020_1/output_0041/i0000446_s12_m17.jpg
data/images/03_09_2020_1/output_0022/i0000182_s12_m16.jpg
data/images/03_06_2020_0/output_0004/i0001114_s12_m16.jpg
data/images/03_09_2020_1/output_0029/i0000768_s12_m17.jpg
data/images/03_10_2020_1/output_0013/i0000296_s12_m16.jpg
data/images/03_09_2020_1/output_0040/i0000473_s12_m17.jpg
data/images/03_09_2020_1/output_0023/i0000111_s12_m17.jpg
data/images/03_09_2020_1/output_0043/i0000141_s12_m16.jpg
data/images/03_10_2020_1/output_0005/i0000625_s12_m16.jpg
data/images/03_09_2020_1/output_0041/i0000648_s12_m16.jpg
data/images/03_09_2020_1/output_0024/i0000505_s12_m17.jpg
data/images/03_06_2020_0/output_0006/i0000597_s12_m16.jpg
data/images/03_09_2020_1/output_0021/i0000557_s12_m17.jpg
data/images/03_09_2020_1/output_0031/i0000328_s12_m16.jpg
data/images/03_09_2020_1/output_0017/i0000122_s12_m17.jpg
data/images/03_10_2020_1/output_0000/i0000322_s12_m16.jpg
data/images/03_09_2020_1/output_0019/i0000303_s12_m16.jpg
data/images/03_09_2020_1/output_0022/i0000309_s12_m17.jpg
data/images/03_10_2020_1/output_0016/i0000028_s12_m19.jpg
data/images/03_10_2020_1/output_0015/i0000645_s12_m16.jpg
data/images/03_10_2020_1/output_0007/i0000337_s12_m16.jpg
data/images/03_10_2020_1/output_0011/i0000507_s12_m16.jpg
data/images/03_09_2020_1/output_0014/i0000026_s12_m16.jpg
data/images/03_09_2020_1/output_0037/i0000455_s12_m17.jpg
data/images/03_09_2020_1/output_0019/i0000716_s12_m16.jpg
data/images/03_06_2020_0/output_0008/i0000370_s12_m17.jpg
data/images/03_09_2020_1/output_0033/i0000487_s12_m17.jpg
data/images/03_09_2020_1/output_0031/i0000257_s12_m17.jpg
data/images/03_10_2020_1/output_0008/i0000420_s12_m16.jpg
data/images/03_10_2020_1/output_0003/i0000279_s12_m16.jpg
data/images/03_10_2020_1/output_0014/i0000600_s12_m16.jpg
data/images/03_09_2020_1/output_0041/i0000551_s12_m16.jpg
data/images/03_10_2020_1/output_0014/i0000677_s12_m16.jpg
data/images/03_09_2020_1/output_0041/i0000803_s12_m16.jpg
data/images/03_06_2020_0/output_0006/i0000112_s12_m17.jpg
data/images/03_09_2020_1/output_0041/i0000391_s12_m17.jpg
data/images/03_10_2020_1/output_0007/i0000810_s12_m16.jpg
data/images/03_10_2020_1/output_0011/i0000364_s12_m16.jpg
data/images/03_09_2020_1/output_0039/i0000166_s12_m16.jpg
data/images/03_09_2020_1/output_0038/i0000085_s12_m16.jpg
data/images/03_10_2020_1/output_0008/i0000667_s12_m16.jpg
data/images/03_09_2020_1/output_0043/i0000193_s12_m17.jpg
data/images/03_09_2020_1/output_0032/i0000699_s12_m17.jpg
data/images/03_10_2020_1/output_0011/i0000044_s12_m16.jpg
data/images/03_09_2020_1/output_0038/i0000428_s12_m17.jpg
data/images/03_10_2020_1/output_0003/i0000455_s12_m16.jpg
data/images/03_10_2020_1/output_0006/i0000278_s12_m16.jpg
data/images/03_06_2020_0/output_0011/i0001443_s12_m18.jpg
data/images/03_10_2020_1/output_0005/i0001035_s12_m16.jpg
data/images/03_10_2020_1/output_0006/i0000680_s12_m16.jpg
data/images/03_09_2020_1/output_0019/i0000592_s12_m17.jpg
data/images/03_09_2020_1/output_0013/i0000167_s12_m16.jpg
data/images/03_09_2020_1/output_0026/i0000146_s12_m17.jpg
data/images/03_10_2020_1/output_0007/i0000368_s12_m16.jpg
data/images/03_06_2020_0/output_0009/i0001090_s12_m17.jpg
data/images/03_09_2020_1/output_0026/i0000248_s12_m17.jpg
data/images/03_09_2020_1/output_0033/i0000120_s12_m16.jpg
data/images/03_10_2020_1/output_0015/i0000441_s12_m16.jpg
data/images/03_10_2020_1/output_0007/i0000411_s12_m16.jpg
data/images/03_09_2020_1/output_0026/i0000182_s12_m17.jpg
data/images/03_10_2020_1/output_0014/i0000736_s12_m16.jpg
data/images/03_06_2020_0/output_0011/i0000454_s12_m17.jpg
data/images/03_09_2020_1/output_0034/i0000409_s12_m16.jpg
data/images/03_06_2020_0/output_0008/i0000553_s12_m17.jpg
data/images/03_09_2020_1/output_0038/i0000464_s12_m17.jpg
data/images/03_06_2020_0/output_0008/i0000630_s12_m17.jpg
data/images/03_09_2020_1/output_0018/i0000430_s12_m17.jpg
data/images/03_09_2020_1/output_0018/i0000155_s12_m16.jpg
data/images/03_06_2020_0/output_0006/i0000976_s12_m17.jpg
data/images/03_09_2020_1/output_0040/i0000288_s12_m17.jpg
data/images/03_10_2020_1/output_0005/i0000461_s12_m16.jpg
data/images/03_10_2020_1/output_0014/i0000780_s12_m16.jpg
data/images/03_09_2020_1/output_0041/i0000328_s12_m17.jpg
data/images/03_10_2020_1/output_0010/i0001002_s12_m16.jpg
data/images/03_09_2020_1/output_0024/i0000440_s12_m17.jpg
data/images/03_09_2020_1/output_0043/i0000052_s12_m16.jpg
data/images/03_09_2020_1/output_0030/i0000879_s12_m16.jpg
data/images/03_06_2020_0/output_0009/i0001380_s12_m16.jpg
data/images/03_09_2020_1/output_0040/i0000216_s12_m17.jpg
data/images/03_10_2020_1/output_0015/i0000128_s12_m16.jpg
data/images/03_09_2020_1/output_0038/i0000565_s12_m17.jpg
data/images/03_09_2020_1/output_0043/i0000236_s12_m17.jpg
data/images/03_09_2020_1/output_0024/i0000282_s12_m17.jpg
data/images/03_09_2020_1/output_0026/i0000202_s12_m16.jpg
data/images/03_09_2020_1/output_0041/i0000525_s12_m17.jpg
data/images/03_09_2020_1/output_0033/i0000441_s12_m17.jpg
data/images/03_10_2020_1/output_0013/i0000211_s12_m16.jpg
data/images/03_10_2020_1/output_0011/i0000937_s12_m16.jpg
data/images/03_10_2020_1/output_0008/i0000139_s12_m16.jpg
data/images/03_10_2020_1/output_0014/i0000705_s12_m16.jpg
data/images/03_10_2020_1/output_0005/i0000507_s12_m16.jpg
data/images/03_09_2020_1/output_0024/i0000018_s12_m15.jpg
data/images/03_09_2020_1/output_0030/i0000500_s12_m17.jpg
data/images/03_09_2020_1/output_0013/i0000414_s12_m17.jpg
data/images/03_10_2020_1/output_0001/i0000030_s12_m16.jpg
data/images/03_09_2020_1/output_0023/i0000107_s12_m16.jpg
data/images/03_09_2020_1/output_0021/i0000338_s12_m17.jpg
data/images/03_09_2020_1/output_0035/i0000131_s12_m17.jpg
data/images/03_10_2020_1/output_0015/i0000289_s12_m16.jpg
data/images/03_10_2020_1/output_0008/i0000984_s12_m16.jpg
data/images/03_09_2020_1/output_0023/i0000357_s12_m16.jpg
data/images/03_09_2020_1/output_0032/i0000096_s12_m16.jpg
data/images/03_10_2020_1/output_0010/i0000611_s12_m16.jpg
data/images/03_10_2020_1/output_0012/i0000472_s12_m16.jpg
data/images/03_06_2020_0/output_0008/i0000611_s12_m16.jpg
data/images/03_10_2020_1/output_0001/i0000366_s12_m16.jpg
data/images/03_10_2020_1/output_0008/i0000329_s12_m16.jpg
data/images/03_10_2020_1/output_0011/i0000934_s12_m16.jpg
data/images/03_09_2020_1/output_0033/i0000341_s12_m16.jpg
data/images/03_10_2020_1/output_0000/i0000067_s12_m16.jpg
data/images/03_10_2020_1/output_0004/i0000894_s12_m17.jpg
data/images/03_09_2020_1/output_0043/i0000656_s12_m17.jpg
data/images/03_10_2020_1/output_0015/i0000518_s12_m16.jpg
data/images/03_06_2020_0/output_0008/i0000779_s12_m16.jpg
data/images/03_09_2020_1/output_0021/i0000361_s12_m17.jpg
data/images/03_10_2020_1/output_0010/i0001008_s12_m16.jpg
data/images/03_10_2020_1/output_0004/i0000246_s12_m16.jpg
data/images/03_06_2020_0/output_0008/i0001281_s12_m16.jpg
data/images/03_10_2020_1/output_0014/i0000692_s12_m16.jpg
data/images/03_10_2020_1/output_0007/i0000605_s12_m16.jpg
data/images/03_09_2020_1/output_0029/i0000737_s12_m17.jpg
data/images/03_06_2020_0/output_0004/i0001299_s12_m16.jpg
data/images/03_10_2020_1/output_0013/i0000546_s12_m16.jpg
data/images/03_10_2020_1/output_0014/i0000219_s12_m16.jpg
data/images/03_06_2020_0/output_0011/i0000222_s12_m16.jpg
data/images/03_10_2020_1/output_0008/i0000058_s12_m16.jpg
data/images/03_10_2020_1/output_0011/i0000899_s12_m16.jpg
data/images/03_09_2020_1/output_0033/i0000590_s12_m16.jpg
data/images/03_10_2020_1/output_0007/i0000319_s12_m16.jpg
data/images/03_06_2020_0/output_0006/i0000722_s12_m17.jpg
data/images/03_09_2020_1/output_0041/i0000235_s12_m17.jpg
data/images/03_09_2020_1/output_0039/i0000129_s12_m17.jpg
data/images/03_06_2020_0/output_0006/i0001156_s12_m17.jpg
data/images/03_09_2020_1/output_0042/i0000760_s12_m16.jpg
data/images/03_10_2020_1/output_0012/i0000066_s12_m15.jpg
data/images/03_10_2020_1/output_0003/i0000874_s12_m16.jpg
data/images/03_09_2020_1/output_0040/i0000126_s12_m17.jpg
data/images/03_09_2020_1/output_0032/i0000421_s12_m17.jpg
data/images/03_09_2020_1/output_0041/i0000334_s12_m17.jpg
data/images/03_09_2020_1/output_0036/i0000689_s12_m17.jpg
data/images/03_09_2020_1/output_0021/i0000680_s12_m17.jpg
data/images/03_06_2020_0/output_0011/i0001036_s12_m17.jpg
data/images/03_06_2020_0/output_0006/i0001274_s12_m16.jpg
data/images/03_09_2020_1/output_0039/i0000245_s12_m17.jpg
data/images/03_10_2020_1/output_0013/i0000415_s12_m16.jpg
data/images/03_09_2020_1/output_0032/i0000400_s12_m17.jpg
data/images/03_10_2020_1/output_0005/i0000446_s12_m16.jpg
data/images/03_10_2020_1/output_0015/i0000446_s12_m16.jpg
data/images/03_10_2020_1/output_0004/i0001086_s12_m16.jpg
data/images/03_09_2020_1/output_0042/i0000758_s12_m17.jpg
data/images/03_09_2020_1/output_0038/i0000130_s12_m16.jpg
data/images/03_10_2020_1/output_0007/i0000427_s12_m16.jpg
data/images/03_10_2020_1/output_0000/i0000320_s12_m16.jpg
data/images/03_09_2020_1/output_0030/i0000480_s12_m16.jpg
data/images/03_10_2020_1/output_0008/i0000345_s12_m16.jpg
data/images/03_09_2020_1/output_0019/i0000474_s12_m17.jpg
data/images/03_09_2020_1/output_0024/i0000322_s12_m17.jpg
data/images/03_10_2020_1/output_0008/i0000371_s12_m16.jpg
data/images/03_09_2020_1/output_0026/i0000373_s12_m16.jpg
data/images/03_09_2020_1/output_0032/i0000433_s12_m17.jpg
data/images/03_06_2020_0/output_0008/i0001313_s12_m17.jpg
data/images/03_09_2020_1/output_0020/i0000017_s12_m17.jpg
data/images/03_06_2020_0/output_0006/i0000961_s12_m17.jpg
data/images/03_10_2020_1/output_0008/i0000271_s12_m16.jpg
data/images/03_09_2020_1/output_0035/i0000374_s12_m17.jpg
data/images/03_09_2020_1/output_0031/i0000234_s12_m17.jpg
data/images/03_09_2020_1/output_0040/i0000303_s12_m16.jpg
data/images/03_09_2020_1/output_0043/i0000340_s12_m17.jpg
data/images/03_10_2020_1/output_0005/i0000456_s12_m16.jpg
data/images/03_10_2020_1/output_0008/i0000663_s12_m16.jpg
data/images/03_10_2020_1/output_0012/i0000310_s12_m16.jpg
data/images/03_09_2020_1/output_0036/i0000438_s12_m16.jpg
data/images/03_10_2020_1/output_0009/i0000656_s12_m16.jpg
data/images/03_10_2020_1/output_0004/i0000464_s12_m16.jpg
data/images/03_10_2020_1/output_0013/i0000387_s12_m16.jpg
data/images/03_10_2020_1/output_0007/i0000724_s12_m16.jpg
data/images/03_06_2020_0/output_0008/i0000476_s12_m16.jpg
data/images/03_10_2020_1/output_0008/i0000391_s12_m16.jpg
data/images/03_06_2020_0/output_0006/i0001315_s12_m16.jpg
data/images/03_10_2020_1/output_0016/i0000330_s12_m18.jpg
data/images/03_09_2020_1/output_0030/i0000318_s12_m16.jpg
data/images/03_09_2020_1/output_0024/i0000290_s12_m17.jpg
data/images/03_10_2020_1/output_0000/i0000271_s12_m16.jpg
data/images/03_09_2020_1/output_0024/i0000662_s12_m17.jpg
data/images/03_09_2020_1/output_0040/i0000666_s12_m17.jpg
data/images/03_09_2020_1/output_0024/i0000732_s12_m17.jpg
data/images/03_09_2020_1/output_0035/i0000534_s12_m16.jpg
data/images/03_06_2020_0/output_0006/i0000267_s12_m16.jpg
data/images/03_09_2020_1/output_0030/i0000133_s12_m17.jpg
data/images/03_10_2020_1/output_0012/i0000882_s12_m16.jpg
data/images/03_09_2020_1/output_0034/i0000037_s12_m16.jpg
data/images/03_10_2020_1/output_0003/i0000809_s12_m16.jpg
data/images/03_10_2020_1/output_0016/i0000052_s12_m18.jpg
data/images/03_10_2020_1/output_0014/i0000650_s12_m16.jpg
data/images/03_06_2020_0/output_0011/i0000542_s12_m16.jpg
data/images/03_09_2020_1/output_0038/i0000241_s12_m16.jpg
data/images/03_10_2020_1/output_0013/i0000813_s12_m16.jpg
data/images/03_06_2020_0/output_0004/i0001219_s12_m16.jpg
data/images/03_10_2020_1/output_0014/i0000552_s12_m16.jpg
data/images/03_09_2020_1/output_0044/i0000080_s12_m17.jpg
data/images/03_09_2020_1/output_0036/i0000283_s12_m16.jpg
data/images/03_06_2020_0/output_0006/i0000065_s12_m17.jpg
data/images/03_06_2020_0/output_0006/i0000259_s12_m16.jpg
data/images/03_10_2020_1/output_0008/i0000227_s12_m16.jpg
data/images/03_09_2020_1/output_0039/i0000390_s12_m17.jpg
data/images/03_10_2020_1/output_0006/i0000827_s12_m16.jpg
data/images/03_09_2020_1/output_0036/i0000145_s12_m17.jpg
data/images/03_09_2020_1/output_0020/i0000168_s12_m16.jpg
data/images/03_10_2020_1/output_0003/i0000269_s12_m16.jpg
data/images/03_10_2020_1/output_0004/i0001006_s12_m16.jpg
data/images/03_10_2020_1/output_0000/i0000045_s12_m15.jpg
data/images/03_10_2020_1/output_0005/i0000967_s12_m16.jpg
data/images/03_10_2020_1/output_0014/i0000862_s12_m16.jpg
data/images/03_09_2020_1/output_0020/i0000487_s12_m17.jpg
data/images/03_10_2020_1/output_0010/i0000983_s12_m16.jpg
data/images/03_09_2020_1/output_0037/i0000568_s12_m16.jpg
data/images/03_10_2020_1/output_0012/i0000625_s12_m16.jpg
data/images/03_09_2020_1/output_0033/i0000496_s12_m16.jpg
data/images/03_10_2020_1/output_0014/i0000630_s12_m16.jpg
data/images/03_06_2020_0/output_0009/i0001504_s12_m16.jpg
data/images/03_09_2020_1/output_0020/i0000621_s12_m17.jpg
data/images/03_09_2020_1/output_0031/i0000160_s12_m16.jpg
data/images/03_06_2020_0/output_0006/i0001025_s12_m17.jpg
data/images/03_06_2020_0/output_0009/i0000131_s12_m16.jpg
data/images/03_10_2020_1/output_0004/i0000208_s12_m15.jpg
data/images/03_06_2020_0/output_0004/i0001334_s12_m16.jpg
data/images/03_09_2020_1/output_0031/i0000562_s12_m17.jpg
data/images/03_09_2020_1/output_0039/i0000437_s12_m16.jpg
data/images/03_09_2020_1/output_0024/i0000606_s12_m17.jpg
data/images/03_10_2020_1/output_0001/i0000378_s12_m16.jpg
data/images/03_09_2020_1/output_0013/i0000051_s12_m17.jpg
data/images/03_10_2020_1/output_0014/i0000839_s12_m16.jpg
data/images/03_09_2020_1/output_0026/i0000549_s12_m17.jpg
data/images/03_06_2020_0/output_0011/i0001483_s12_m19.jpg
data/images/03_10_2020_1/output_0012/i0000559_s12_m16.jpg
data/images/03_09_2020_1/output_0024/i0000285_s12_m17.jpg
data/images/03_10_2020_1/output_0006/i0000436_s12_m16.jpg
data/images/03_09_2020_1/output_0014/i0000025_s12_m16.jpg
data/images/03_09_2020_1/output_0019/i0000514_s12_m17.jpg
data/images/03_10_2020_1/output_0011/i0000849_s12_m16.jpg
data/images/03_09_2020_1/output_0031/i0000392_s12_m17.jpg
data/images/03_09_2020_1/output_0022/i0000652_s12_m16.jpg
data/images/03_09_2020_1/output_0021/i0000247_s12_m17.jpg
data/images/03_06_2020_0/output_0011/i0000681_s12_m17.jpg
data/images/03_09_2020_1/output_0036/i0000530_s12_m17.jpg
data/images/03_06_2020_0/output_0011/i0000554_s12_m17.jpg
data/images/03_10_2020_1/output_0015/i0000707_s12_m16.jpg
data/images/03_06_2020_0/output_0004/i0001414_s12_m16.jpg
data/images/03_10_2020_1/output_0013/i0000101_s12_m16.jpg
data/images/03_09_2020_1/output_0020/i0000694_s12_m17.jpg
data/images/03_09_2020_1/output_0021/i0000220_s12_m16.jpg
data/images/03_09_2020_1/output_0024/i0000209_s12_m17.jpg
data/images/03_09_2020_1/output_0023/i0000282_s12_m16.jpg
data/images/03_10_2020_1/output_0006/i0000742_s12_m16.jpg
data/images/03_10_2020_1/output_0005/i0000889_s12_m16.jpg
data/images/03_09_2020_1/output_0033/i0000493_s12_m16.jpg
data/images/03_09_2020_1/output_0036/i0000098_s12_m17.jpg
data/images/03_09_2020_1/output_0026/i0000540_s12_m17.jpg
data/images/03_10_2020_1/output_0012/i0000324_s12_m16.jpg
data/images/03_09_2020_1/output_0026/i0000338_s12_m17.jpg
data/images/03_06_2020_0/output_0006/i0001133_s12_m16.jpg
data/images/03_06_2020_0/output_0011/i0000553_s12_m17.jpg
data/images/03_09_2020_1/output_0038/i0000353_s12_m17.jpg
data/images/03_09_2020_1/output_0043/i0000521_s12_m17.jpg
data/images/03_06_2020_0/output_0009/i0001259_s12_m17.jpg
data/images/03_10_2020_1/output_0011/i0000289_s12_m16.jpg
data/images/03_09_2020_1/output_0035/i0000520_s12_m16.jpg
data/images/03_09_2020_1/output_0029/i0000664_s12_m16.jpg
data/images/03_09_2020_1/output_0022/i0000496_s12_m17.jpg
data/images/03_09_2020_1/output_0031/i0000429_s12_m17.jpg
data/images/03_10_2020_1/output_0016/i0000053_s12_m17.jpg
data/images/03_09_2020_1/output_0023/i0000551_s12_m17.jpg
data/images/03_10_2020_1/output_0004/i0000245_s12_m16.jpg
data/images/03_10_2020_1/output_0001/i0000017_s12_m16.jpg
data/images/03_10_2020_1/output_0005/i0000893_s12_m15.jpg
data/images/03_10_2020_1/output_0007/i0000835_s12_m15.jpg
data/images/03_10_2020_1/output_0000/i0000682_s12_m16.jpg
data/images/03_09_2020_1/output_0026/i0000085_s12_m16.jpg
data/images/03_10_2020_1/output_0003/i0000857_s12_m16.jpg
data/images/03_06_2020_0/output_0006/i0000099_s12_m16.jpg
data/images/03_10_2020_1/output_0015/i0000332_s12_m16.jpg
data/images/03_12_2020_0/output_0001/i0000390_s12_m16.jpg
data/images/03_09_2020_1/output_0040/i0000344_s12_m16.jpg
data/images/03_09_2020_1/output_0013/i0000189_s12_m16.jpg
data/images/03_09_2020_1/output_0043/i0000225_s12_m17.jpg
data/images/03_10_2020_1/output_0011/i0000590_s12_m16.jpg
data/images/03_10_2020_1/output_0008/i0000970_s12_m16.jpg
data/images/03_09_2020_1/output_0022/i0000653_s12_m16.jpg
data/images/03_09_2020_1/output_0019/i0000606_s12_m17.jpg
data/images/03_09_2020_1/output_0034/i0000385_s12_m16.jpg
data/images/03_09_2020_1/output_0043/i0000399_s12_m17.jpg
data/images/03_10_2020_1/output_0006/i0000054_s12_m16.jpg
data/images/03_09_2020_1/output_0042/i0000360_s12_m17.jpg
data/images/03_06_2020_0/output_0004/i0001236_s12_m17.jpg
data/images/03_09_2020_1/output_0013/i0000415_s12_m17.jpg
data/images/03_09_2020_1/output_0027/i0000029_s12_m18.jpg
data/images/03_09_2020_1/output_0032/i0000886_s12_m17.jpg
data/images/03_09_2020_1/output_0032/i0000787_s12_m17.jpg
data/images/03_09_2020_1/output_0013/i0000413_s12_m17.jpg
data/images/03_09_2020_1/output_0023/i0000454_s12_m16.jpg
data/images/03_10_2020_1/output_0002/i0000139_s12_m15.jpg
data/images/03_09_2020_1/output_0042/i0000618_s12_m16.jpg
data/images/03_10_2020_1/output_0001/i0000031_s12_m16.jpg
data/images/03_09_2020_1/output_0036/i0000560_s12_m17.jpg
data/images/03_06_2020_0/output_0011/i0000710_s12_m17.jpg
data/images/03_06_2020_0/output_0004/i0000211_s12_m16.jpg
data/images/03_06_2020_0/output_0006/i0000394_s12_m16.jpg
data/images/03_10_2020_1/output_0011/i0001084_s12_m16.jpg
data/images/03_10_2020_1/output_0008/i0000393_s12_m16.jpg
data/images/03_09_2020_1/output_0022/i0000633_s12_m16.jpg
data/images/03_09_2020_1/output_0041/i0000045_s12_m15.jpg
data/images/03_09_2020_1/output_0041/i0000426_s12_m17.jpg
data/images/03_10_2020_1/output_0014/i0000675_s12_m16.jpg
data/images/03_09_2020_1/output_0037/i0000770_s12_m16.jpg
data/images/03_09_2020_1/output_0013/i0000433_s12_m16.jpg
data/images/03_10_2020_1/output_0011/i0000513_s12_m16.jpg
data/images/03_10_2020_1/output_0014/i0000570_s12_m16.jpg
data/images/03_10_2020_1/output_0013/i0000802_s12_m16.jpg
data/images/03_10_2020_1/output_0009/i0000934_s12_m16.jpg
data/images/03_09_2020_1/output_0034/i0000320_s12_m16.jpg
data/images/03_06_2020_0/output_0008/i0001392_s12_m17.jpg
data/images/03_09_2020_1/output_0041/i0000389_s12_m17.jpg
data/images/03_09_2020_1/output_0038/i0000407_s12_m16.jpg
data/images/03_09_2020_1/output_0034/i0000386_s12_m16.jpg
data/images/03_09_2020_1/output_0031/i0000329_s12_m16.jpg
data/images/03_10_2020_1/output_0010/i0000613_s12_m16.jpg
data/images/03_09_2020_1/output_0031/i0000393_s12_m17.jpg
data/images/03_09_2020_1/output_0042/i0000538_s12_m17.jpg
data/images/03_09_2020_1/output_0034/i0000438_s12_m16.jpg
data/images/03_06_2020_0/output_0006/i0000545_s12_m17.jpg
data/images/03_10_2020_1/output_0006/i0000132_s12_m16.jpg
data/images/03_09_2020_1/output_0032/i0000115_s12_m16.jpg
data/images/03_10_2020_1/output_0008/i0000057_s12_m16.jpg
data/images/03_10_2020_1/output_0011/i0000581_s12_m16.jpg
data/images/03_10_2020_1/output_0008/i0000179_s12_m16.jpg
data/images/03_09_2020_1/output_0021/i0000560_s12_m17.jpg
data/images/03_06_2020_0/output_0009/i0001079_s12_m17.jpg
data/images/03_10_2020_1/output_0004/i0000430_s12_m16.jpg
data/images/03_10_2020_1/output_0003/i0000748_s12_m16.jpg
data/images/03_09_2020_1/output_0021/i0000364_s12_m17.jpg
data/images/03_10_2020_1/output_0014/i0000307_s12_m16.jpg
data/images/03_09_2020_1/output_0033/i0000342_s12_m16.jpg
data/images/03_06_2020_0/output_0006/i0000126_s12_m16.jpg
data/images/03_09_2020_1/output_0020/i0000593_s12_m17.jpg
data/images/03_09_2020_1/output_0034/i0000498_s12_m17.jpg
data/images/03_06_2020_0/output_0011/i0001399_s12_m18.jpg
data/images/03_09_2020_1/output_0026/i0000310_s12_m17.jpg
data/images/03_06_2020_0/output_0006/i0000670_s12_m17.jpg
data/images/03_10_2020_1/output_0006/i0000110_s12_m16.jpg
data/images/03_10_2020_1/output_0006/i0000351_s12_m16.jpg
data/images/03_06_2020_0/output_0008/i0001013_s12_m16.jpg
data/images/03_10_2020_1/output_0015/i0000641_s12_m16.jpg
data/images/03_09_2020_1/output_0034/i0000383_s12_m16.jpg
data/images/03_10_2020_1/output_0006/i0000372_s12_m16.jpg
data/images/03_10_2020_1/output_0014/i0000599_s12_m16.jpg
data/images/03_09_2020_1/output_0034/i0000475_s12_m17.jpg
data/images/03_10_2020_1/output_0016/i0000050_s12_m18.jpg
data/images/03_09_2020_1/output_0031/i0000827_s12_m17.jpg
data/images/03_09_2020_1/output_0020/i0000164_s12_m16.jpg
data/images/03_10_2020_1/output_0013/i0000243_s12_m16.jpg
data/images/03_09_2020_1/output_0021/i0000559_s12_m17.jpg
data/images/03_09_2020_1/output_0031/i0000056_s12_m17.jpg
data/images/03_10_2020_1/output_0011/i0000712_s12_m16.jpg
data/images/03_10_2020_1/output_0007/i0000355_s12_m16.jpg
data/images/03_09_2020_1/output_0038/i0000659_s12_m16.jpg
data/images/03_09_2020_1/output_0027/i0000224_s12_m18.jpg
data/images/03_09_2020_1/output_0033/i0000371_s12_m16.jpg
data/images/03_10_2020_1/output_0007/i0000124_s12_m16.jpg
data/images/03_06_2020_0/output_0004/i0000259_s12_m17.jpg
data/images/03_09_2020_1/output_0035/i0000512_s12_m17.jpg
data/images/03_09_2020_1/output_0018/i0000013_s12_m15.jpg
data/images/03_09_2020_1/output_0030/i0000061_s12_m17.jpg
data/images/03_10_2020_1/output_0004/i0000786_s12_m15.jpg
data/images/03_09_2020_1/output_0022/i0000111_s12_m16.jpg
data/images/03_10_2020_1/output_0005/i0000890_s12_m16.jpg
data/images/03_10_2020_1/output_0003/i0000244_s12_m16.jpg
data/images/03_10_2020_1/output_0011/i0000933_s12_m16.jpg
data/images/03_10_2020_1/output_0014/i0000031_s12_m15.jpg
data/images/03_10_2020_1/output_0009/i0000518_s12_m16.jpg
data/images/03_10_2020_1/output_0016/i0000201_s12_m17.jpg
data/images/03_06_2020_0/output_0009/i0000568_s12_m17.jpg
data/images/03_09_2020_1/output_0019/i0000312_s12_m17.jpg
data/images/03_09_2020_1/output_0043/i0000203_s12_m17.jpg
data/images/03_10_2020_1/output_0015/i0000679_s12_m16.jpg
data/images/03_09_2020_1/output_0030/i0000395_s12_m17.jpg
data/images/03_09_2020_1/output_0022/i0000143_s12_m16.jpg
data/images/03_09_2020_1/output_0040/i0000259_s12_m17.jpg
data/images/03_09_2020_1/output_0042/i0000581_s12_m17.jpg
data/images/03_09_2020_1/output_0042/i0000460_s12_m16.jpg
data/images/03_09_2020_1/output_0018/i0000140_s12_m16.jpg
data/images/03_09_2020_1/output_0013/i0000423_s12_m16.jpg
data/images/03_10_2020_1/output_0007/i0000821_s12_m16.jpg
data/images/03_10_2020_1/output_0004/i0000080_s12_m16.jpg
data/images/03_06_2020_0/output_0009/i0000102_s12_m17.jpg
data/images/03_09_2020_1/output_0039/i0000645_s12_m18.jpg
data/images/03_09_2020_1/output_0042/i0000079_s12_m17.jpg
data/images/03_09_2020_1/output_0031/i0000737_s12_m17.jpg
data/images/03_10_2020_1/output_0015/i0000170_s12_m16.jpg
data/images/03_09_2020_1/output_0041/i0000359_s12_m16.jpg
data/images/03_09_2020_1/output_0035/i0000154_s12_m17.jpg
data/images/03_09_2020_1/output_0020/i0000605_s12_m17.jpg
data/images/03_10_2020_1/output_0003/i0000134_s12_m16.jpg
data/images/03_09_2020_1/output_0032/i0000901_s12_m17.jpg
data/images/03_09_2020_1/output_0038/i0000552_s12_m17.jpg
data/images/03_10_2020_1/output_0004/i0001035_s12_m16.jpg
data/images/03_09_2020_1/output_0039/i0000146_s12_m16.jpg
data/images/03_06_2020_0/output_0011/i0001474_s12_m18.jpg
data/images/03_09_2020_1/output_0042/i0000167_s12_m17.jpg
data/images/03_10_2020_1/output_0012/i0000045_s12_m16.jpg
data/images/03_09_2020_1/output_0013/i0000040_s12_m16.jpg
data/images/03_09_2020_1/output_0044/i0000427_s12_m18.jpg
data/images/03_06_2020_0/output_0006/i0000125_s12_m16.jpg
data/images/03_09_2020_1/output_0034/i0000333_s12_m16.jpg
data/images/03_09_2020_1/output_0013/i0000275_s12_m16.jpg
data/images/03_06_2020_0/output_0008/i0000021_s12_m16.jpg
data/images/03_09_2020_1/output_0029/i0000366_s12_m16.jpg
data/images/03_09_2020_1/output_0033/i0000127_s12_m16.jpg
data/images/03_10_2020_1/output_0006/i0000757_s12_m16.jpg
data/images/03_09_2020_1/output_0031/i0000308_s12_m17.jpg
data/images/03_10_2020_1/output_0015/i0000071_s12_m16.jpg
data/images/03_10_2020_1/output_0002/i0000154_s12_m16.jpg
data/images/03_10_2020_1/output_0011/i0000329_s12_m16.jpg
data/images/03_06_2020_0/output_0009/i0001020_s12_m17.jpg
data/images/03_09_2020_1/output_0026/i0000062_s12_m17.jpg
data/images/03_09_2020_1/output_0024/i0000222_s12_m17.jpg
data/images/03_10_2020_1/output_0005/i0000088_s12_m16.jpg
data/images/03_09_2020_1/output_0032/i0000616_s12_m17.jpg
data/images/03_10_2020_1/output_0005/i0000031_s12_m16.jpg
data/images/03_09_2020_1/output_0018/i0000302_s12_m16.jpg
data/images/03_10_2020_1/output_0006/i0000273_s12_m15.jpg
data/images/03_09_2020_1/output_0014/i0000312_s12_m16.jpg
data/images/03_09_2020_1/output_0020/i0000553_s12_m17.jpg
data/images/03_09_2020_1/output_0022/i0000230_s12_m17.jpg
data/images/03_09_2020_1/output_0018/i0000047_s12_m17.jpg
data/images/03_10_2020_1/output_0015/i0000850_s12_m16.jpg
data/images/03_09_2020_1/output_0032/i0000545_s12_m16.jpg
data/images/03_09_2020_1/output_0018/i0000423_s12_m17.jpg
data/images/03_09_2020_1/output_0022/i0000179_s12_m16.jpg
data/images/03_09_2020_1/output_0038/i0000341_s12_m17.jpg
data/images/03_09_2020_1/output_0043/i0000479_s12_m17.jpg
data/images/03_09_2020_1/output_0036/i0000495_s12_m16.jpg
data/images/03_10_2020_1/output_0009/i0000788_s12_m16.jpg
data/images/03_09_2020_1/output_0014/i0000550_s12_m17.jpg
data/images/03_06_2020_0/output_0009/i0000417_s12_m16.jpg
data/images/03_09_2020_1/output_0038/i0000164_s12_m16.jpg
data/images/03_09_2020_1/output_0044/i0000358_s12_m18.jpg
data/images/03_10_2020_1/output_0013/i0000719_s12_m16.jpg
data/images/03_06_2020_0/output_0004/i0001342_s12_m16.jpg
data/images/03_09_2020_1/output_0019/i0000520_s12_m17.jpg
data/images/03_10_2020_1/output_0005/i0000065_s12_m15.jpg
data/images/03_10_2020_1/output_0010/i0000389_s12_m16.jpg
data/images/03_09_2020_1/output_0037/i0000752_s12_m17.jpg
data/images/03_10_2020_1/output_0006/i0000417_s12_m16.jpg
data/images/03_10_2020_1/output_0005/i0000952_s12_m16.jpg
data/images/03_10_2020_1/output_0005/i0000892_s12_m15.jpg
data/images/03_09_2020_1/output_0033/i0000494_s12_m16.jpg
data/images/03_09_2020_1/output_0030/i0000049_s12_m17.jpg
data/images/03_06_2020_0/output_0011/i0000792_s12_m16.jpg
data/images/03_09_2020_1/output_0029/i0000256_s12_m16.jpg
data/images/03_06_2020_0/output_0008/i0000024_s12_m16.jpg
data/images/03_10_2020_1/output_0001/i0000261_s12_m16.jpg
data/images/03_09_2020_1/output_0034/i0000489_s12_m17.jpg
data/images/03_10_2020_1/output_0006/i0000171_s12_m16.jpg
data/images/03_09_2020_1/output_0020/i0000510_s12_m17.jpg
data/images/03_09_2020_1/output_0032/i0000484_s12_m17.jpg
data/images/03_06_2020_0/output_0008/i0000930_s12_m16.jpg
data/images/03_10_2020_1/output_0009/i0000669_s12_m16.jpg
data/images/03_09_2020_1/output_0036/i0000678_s12_m16.jpg
data/images/03_10_2020_1/output_0007/i0000688_s12_m16.jpg
data/images/03_10_2020_1/output_0006/i0000858_s12_m16.jpg
data/images/03_09_2020_1/output_0030/i0000618_s12_m17.jpg
data/images/03_06_2020_0/output_0009/i0000263_s12_m16.jpg
data/images/03_10_2020_1/output_0003/i0000706_s12_m16.jpg
data/images/03_06_2020_0/output_0004/i0000714_s12_m17.jpg
data/images/03_10_2020_1/output_0003/i0000930_s12_m16.jpg
data/images/03_09_2020_1/output_0040/i0000257_s12_m17.jpg
data/images/03_10_2020_1/output_0007/i0000475_s12_m16.jpg
data/images/03_10_2020_1/output_0007/i0000520_s12_m16.jpg
data/images/03_09_2020_1/output_0032/i0000747_s12_m17.jpg
data/images/03_09_2020_1/output_0035/i0000369_s12_m17.jpg
data/images/03_10_2020_1/output_0008/i0000215_s12_m16.jpg
data/images/03_09_2020_1/output_0036/i0000484_s12_m16.jpg
data/images/03_09_2020_1/output_0019/i0000421_s12_m17.jpg
data/images/03_09_2020_1/output_0037/i0000731_s12_m17.jpg
data/images/03_09_2020_1/output_0041/i0000721_s12_m16.jpg
data/images/03_10_2020_1/output_0015/i0000788_s12_m16.jpg
data/images/03_09_2020_1/output_0016/i0000463_s12_m16.jpg
data/images/03_10_2020_1/output_0006/i0000148_s12_m16.jpg
data/images/03_06_2020_0/output_0006/i0000097_s12_m16.jpg
data/images/03_09_2020_1/output_0042/i0000497_s12_m17.jpg
data/images/03_09_2020_1/output_0041/i0000011_s12_m15.jpg
data/images/03_09_2020_1/output_0026/i0000225_s12_m17.jpg
data/images/03_06_2020_0/output_0009/i0000043_s12_m17.jpg
data/images/03_09_2020_1/output_0032/i0000209_s12_m17.jpg
data/images/03_09_2020_1/output_0030/i0000414_s12_m17.jpg
data/images/03_09_2020_1/output_0037/i0000236_s12_m17.jpg
data/images/03_10_2020_1/output_0014/i0000737_s12_m16.jpg
data/images/03_09_2020_1/output_0031/i0000427_s12_m17.jpg
data/images/03_09_2020_1/output_0030/i0000050_s12_m17.jpg
data/images/03_09_2020_1/output_0031/i0000710_s12_m17.jpg
data/images/03_10_2020_1/output_0015/i0000639_s12_m16.jpg
data/images/03_06_2020_0/output_0006/i0000951_s12_m17.jpg
data/images/03_09_2020_1/output_0034/i0000019_s12_m16.jpg
data/images/03_09_2020_1/output_0041/i0000245_s12_m17.jpg
data/images/03_06_2020_0/output_0011/i0000244_s12_m17.jpg
data/images/03_09_2020_1/output_0032/i0000715_s12_m17.jpg
data/images/03_09_2020_1/output_0014/i0000292_s12_m17.jpg
data/images/03_09_2020_1/output_0042/i0000704_s12_m16.jpg
data/images/03_06_2020_0/output_0004/i0000850_s12_m16.jpg
data/images/03_09_2020_1/output_0023/i0000308_s12_m16.jpg
data/images/03_06_2020_0/output_0011/i0001244_s12_m18.jpg
data/images/03_10_2020_1/output_0007/i0000451_s12_m16.jpg
data/images/03_09_2020_1/output_0019/i0000231_s12_m17.jpg
data/images/03_10_2020_1/output_0005/i0000626_s12_m16.jpg
data/images/03_06_2020_0/output_0004/i0000061_s12_m17.jpg
data/images/03_06_2020_0/output_0011/i0001444_s12_m18.jpg
data/images/03_09_2020_1/output_0023/i0000110_s12_m17.jpg
data/images/03_10_2020_1/output_0011/i0000052_s12_m16.jpg
data/images/03_06_2020_0/output_0008/i0000148_s12_m16.jpg
data/images/03_10_2020_1/output_0003/i0000954_s12_m16.jpg
data/images/03_09_2020_1/output_0029/i0000334_s12_m17.jpg
data/images/03_10_2020_1/output_0007/i0000379_s12_m16.jpg
data/images/03_10_2020_1/output_0004/i0000530_s12_m16.jpg
data/images/03_10_2020_1/output_0015/i0000447_s12_m16.jpg
data/images/03_10_2020_1/output_0015/i0000318_s12_m16.jpg
data/images/03_09_2020_1/output_0029/i0000575_s12_m16.jpg
data/images/03_10_2020_1/output_0013/i0000176_s12_m16.jpg
data/images/03_06_2020_0/output_0011/i0000894_s12_m17.jpg
data/images/03_09_2020_1/output_0026/i0000249_s12_m17.jpg
data/images/03_10_2020_1/output_0009/i0000722_s12_m16.jpg
data/images/03_06_2020_0/output_0006/i0000098_s12_m16.jpg
data/images/03_10_2020_1/output_0007/i0000383_s12_m16.jpg
data/images/03_06_2020_0/output_0009/i0000343_s12_m16.jpg
data/images/03_10_2020_1/output_0003/i0000034_s12_m16.jpg
data/images/03_09_2020_1/output_0043/i0000611_s12_m17.jpg
data/images/03_10_2020_1/output_0012/i0000237_s12_m16.jpg
data/images/03_10_2020_1/output_0005/i0000316_s12_m16.jpg
data/images/03_06_2020_0/output_0011/i0000616_s12_m17.jpg
data/images/03_09_2020_1/output_0023/i0000064_s12_m17.jpg
data/images/03_09_2020_1/output_0035/i0000106_s12_m17.jpg
data/images/03_09_2020_1/output_0021/i0000081_s12_m16.jpg
data/images/03_09_2020_1/output_0032/i0000518_s12_m16.jpg
data/images/03_09_2020_1/output_0038/i0000637_s12_m17.jpg
data/images/03_09_2020_1/output_0024/i0000714_s12_m17.jpg
data/images/03_10_2020_1/output_0000/i0000587_s12_m16.jpg
data/images/03_10_2020_1/output_0013/i0000556_s12_m16.jpg
data/images/03_06_2020_0/output_0006/i0000579_s12_m16.jpg
data/images/03_06_2020_0/output_0009/i0000227_s12_m17.jpg
data/images/03_09_2020_1/output_0023/i0000430_s12_m16.jpg
data/images/03_10_2020_1/output_0014/i0000708_s12_m16.jpg
data/images/03_10_2020_1/output_0004/i0001085_s12_m16.jpg
data/images/03_09_2020_1/output_0037/i0000619_s12_m17.jpg
data/images/03_10_2020_1/output_0006/i0000079_s12_m16.jpg
data/images/03_10_2020_1/output_0012/i0000676_s12_m16.jpg
data/images/03_09_2020_1/output_0043/i0000550_s12_m17.jpg
data/images/03_09_2020_1/output_0026/i0000046_s12_m16.jpg
data/images/03_10_2020_1/output_0012/i0000703_s12_m16.jpg
data/images/03_10_2020_1/output_0003/i0000704_s12_m16.jpg
data/images/03_06_2020_0/output_0008/i0000235_s12_m17.jpg
data/images/03_09_2020_1/output_0026/i0000087_s12_m16.jpg
data/images/03_09_2020_1/output_0029/i0000489_s12_m16.jpg
data/images/03_10_2020_1/output_0015/i0000146_s12_m16.jpg
data/images/03_09_2020_1/output_0035/i0000718_s12_m16.jpg
data/images/03_09_2020_1/output_0039/i0000564_s12_m17.jpg
data/images/03_10_2020_1/output_0013/i0000618_s12_m16.jpg
data/images/03_10_2020_1/output_0009/i0000204_s12_m16.jpg
data/images/03_09_2020_1/output_0017/i0000053_s12_m15.jpg
data/images/03_09_2020_1/output_0031/i0000624_s12_m16.jpg
data/images/03_09_2020_1/output_0034/i0000190_s12_m16.jpg
data/images/03_09_2020_1/output_0031/i0000059_s12_m16.jpg
data/images/03_09_2020_1/output_0014/i0000579_s12_m17.jpg
data/images/03_10_2020_1/output_0016/i0000333_s12_m18.jpg
data/images/03_10_2020_1/output_0008/i0000092_s12_m16.jpg
data/images/03_09_2020_1/output_0024/i0000062_s12_m16.jpg
data/images/03_06_2020_0/output_0004/i0000314_s12_m16.jpg
data/images/03_06_2020_0/output_0004/i0000873_s12_m17.jpg
data/images/03_10_2020_1/output_0000/i0000063_s12_m16.jpg
data/images/03_10_2020_1/output_0012/i0000215_s12_m16.jpg
data/images/03_06_2020_0/output_0006/i0000552_s12_m17.jpg
data/images/03_06_2020_0/output_0008/i0000795_s12_m17.jpg
data/images/03_09_2020_1/output_0020/i0000513_s12_m17.jpg
data/images/03_09_2020_1/output_0036/i0000136_s12_m17.jpg
data/images/03_09_2020_1/output_0037/i0000524_s12_m16.jpg
data/images/03_10_2020_1/output_0008/i0000177_s12_m16.jpg
data/images/03_09_2020_1/output_0023/i0000280_s12_m16.jpg
data/images/03_10_2020_1/output_0009/i0000671_s12_m16.jpg
data/images/03_10_2020_1/output_0011/i0000515_s12_m16.jpg
data/images/03_09_2020_1/output_0018/i0000126_s12_m16.jpg
data/images/03_10_2020_1/output_0007/i0000678_s12_m16.jpg
data/images/03_10_2020_1/output_0014/i0000477_s12_m16.jpg
data/images/03_10_2020_1/output_0000/i0000710_s12_m16.jpg
data/images/03_10_2020_1/output_0003/i0000904_s12_m16.jpg
data/images/03_09_2020_1/output_0041/i0000512_s12_m17.jpg
data/images/03_06_2020_0/output_0004/i0000897_s12_m16.jpg
data/images/03_10_2020_1/output_0005/i0000142_s12_m16.jpg
data/images/03_10_2020_1/output_0012/i0000892_s12_m16.jpg
data/images/03_09_2020_1/output_0024/i0000065_s12_m16.jpg
data/images/03_09_2020_1/output_0016/i0000590_s12_m16.jpg
data/images/03_10_2020_1/output_0014/i0000898_s12_m16.jpg
data/images/03_09_2020_1/output_0024/i0000546_s12_m17.jpg
data/images/03_09_2020_1/output_0036/i0000483_s12_m16.jpg
data/images/03_09_2020_1/output_0036/i0000130_s12_m17.jpg
data/images/03_10_2020_1/output_0015/i0000159_s12_m16.jpg
data/images/03_06_2020_0/output_0008/i0001256_s12_m17.jpg
data/images/03_09_2020_1/output_0030/i0000204_s12_m17.jpg
data/images/03_10_2020_1/output_0012/i0000338_s12_m16.jpg
data/images/03_06_2020_0/output_0011/i0001238_s12_m18.jpg
data/images/03_10_2020_1/output_0005/i0000620_s12_m16.jpg
data/images/03_09_2020_1/output_0041/i0000473_s12_m17.jpg
data/images/03_09_2020_1/output_0036/i0000015_s12_m17.jpg
data/images/03_09_2020_1/output_0035/i0000637_s12_m16.jpg
data/images/03_09_2020_1/output_0026/i0000393_s12_m17.jpg
data/images/03_09_2020_1/output_0041/i0000423_s12_m17.jpg
data/images/03_09_2020_1/output_0041/i0000131_s12_m17.jpg
data/images/03_10_2020_1/output_0005/i0000234_s12_m16.jpg
data/images/03_10_2020_1/output_0003/i0000870_s12_m16.jpg
data/images/03_06_2020_0/output_0004/i0001139_s12_m17.jpg
data/images/03_09_2020_1/output_0043/i0000211_s12_m17.jpg
data/images/03_09_2020_1/output_0026/i0000332_s12_m17.jpg
data/images/03_09_2020_1/output_0026/i0000181_s12_m17.jpg
data/images/03_10_2020_1/output_0003/i0000932_s12_m16.jpg
data/images/03_10_2020_1/output_0003/i0000105_s12_m16.jpg
data/images/03_10_2020_1/output_0014/i0000721_s12_m16.jpg
data/images/03_10_2020_1/output_0016/i0000334_s12_m18.jpg
data/images/03_06_2020_0/output_0011/i0000600_s12_m17.jpg
data/images/03_09_2020_1/output_0013/i0000186_s12_m16.jpg
data/images/03_09_2020_1/output_0033/i0000740_s12_m16.jpg
data/images/03_10_2020_1/output_0006/i0000674_s12_m16.jpg
data/images/03_09_2020_1/output_0016/i0000586_s12_m16.jpg
data/images/03_09_2020_1/output_0034/i0000431_s12_m16.jpg
data/images/03_10_2020_1/output_0012/i0000025_s12_m16.jpg
data/images/03_09_2020_1/output_0043/i0000354_s12_m17.jpg
data/images/03_09_2020_1/output_0022/i0000587_s12_m16.jpg
data/images/03_10_2020_1/output_0011/i0000938_s12_m16.jpg
data/images/03_09_2020_1/output_0037/i0000523_s12_m16.jpg
data/images/03_06_2020_0/output_0006/i0001350_s12_m17.jpg
data/images/03_09_2020_1/output_0040/i0000504_s12_m17.jpg
data/images/03_10_2020_1/output_0009/i0000935_s12_m15.jpg
data/images/03_10_2020_1/output_0013/i0000665_s12_m16.jpg
data/images/03_10_2020_1/output_0015/i0000900_s12_m18.jpg
data/images/03_06_2020_0/output_0004/i0000110_s12_m15.jpg
data/images/03_10_2020_1/output_0011/i0000352_s12_m16.jpg
data/images/03_09_2020_1/output_0040/i0000477_s12_m17.jpg
data/images/03_09_2020_1/output_0043/i0000754_s12_m17.jpg
data/images/03_10_2020_1/output_0006/i0000655_s12_m16.jpg
data/images/03_10_2020_1/output_0011/i0000070_s12_m16.jpg
data/images/03_09_2020_1/output_0013/i0000177_s12_m16.jpg
data/images/03_09_2020_1/output_0021/i0000345_s12_m17.jpg
data/images/03_09_2020_1/output_0039/i0000136_s12_m17.jpg
data/images/03_09_2020_1/output_0032/i0000062_s12_m16.jpg
data/images/03_09_2020_1/output_0029/i0000656_s12_m16.jpg
data/images/03_09_2020_1/output_0039/i0000498_s12_m17.jpg
data/images/03_09_2020_1/output_0043/i0000020_s12_m16.jpg
data/images/03_06_2020_0/output_0009/i0000228_s12_m17.jpg
data/images/03_09_2020_1/output_0029/i0000694_s12_m16.jpg
data/images/03_10_2020_1/output_0004/i0000243_s12_m16.jpg
data/images/03_06_2020_0/output_0009/i0000619_s12_m17.jpg
data/images/03_09_2020_1/output_0030/i0000139_s12_m17.jpg
data/images/03_09_2020_1/output_0031/i0000795_s12_m17.jpg
data/images/03_09_2020_1/output_0044/i0000282_s12_m18.jpg
data/images/03_09_2020_1/output_0031/i0000754_s12_m17.jpg
data/images/03_10_2020_1/output_0008/i0000958_s12_m16.jpg
data/images/03_10_2020_1/output_0000/i0000043_s12_m15.jpg
data/images/03_10_2020_1/output_0006/i0000561_s12_m16.jpg
data/images/03_09_2020_1/output_0017/i0000120_s12_m17.jpg
data/images/03_09_2020_1/output_0019/i0000643_s12_m17.jpg
data/images/03_10_2020_1/output_0015/i0000566_s12_m16.jpg
data/images/03_09_2020_1/output_0036/i0000108_s12_m17.jpg
data/images/03_10_2020_1/output_0011/i0000114_s12_m16.jpg
data/images/03_10_2020_1/output_0012/i0000294_s12_m16.jpg
data/images/03_06_2020_0/output_0008/i0000325_s12_m17.jpg
data/images/03_10_2020_1/output_0000/i0000066_s12_m16.jpg
data/images/03_06_2020_0/output_0011/i0001346_s12_m18.jpg
data/images/03_06_2020_0/output_0009/i0000356_s12_m16.jpg
data/images/03_10_2020_1/output_0000/i0000413_s12_m16.jpg
data/images/03_06_2020_0/output_0011/i0000786_s12_m16.jpg
data/images/03_09_2020_1/output_0013/i0000070_s12_m17.jpg
data/images/03_10_2020_1/output_0006/i0000588_s12_m16.jpg
data/images/03_10_2020_1/output_0008/i0000332_s12_m16.jpg
data/images/03_10_2020_1/output_0010/i0000830_s12_m16.jpg
data/images/03_09_2020_1/output_0044/i0000229_s12_m18.jpg
data/images/03_09_2020_1/output_0041/i0000577_s12_m17.jpg
data/images/03_09_2020_1/output_0027/i0000129_s12_m18.jpg
data/images/03_10_2020_1/output_0011/i0000506_s12_m16.jpg
data/images/03_10_2020_1/output_0000/i0000502_s12_m16.jpg
data/images/03_06_2020_0/output_0004/i0001284_s12_m17.jpg
data/images/03_06_2020_0/output_0008/i0000893_s12_m17.jpg
data/images/03_10_2020_1/output_0011/i0000388_s12_m16.jpg
data/images/03_09_2020_1/output_0036/i0000377_s12_m16.jpg
data/images/03_10_2020_1/output_0003/i0000797_s12_m16.jpg
data/images/03_09_2020_1/output_0040/i0000660_s12_m17.jpg
data/images/03_09_2020_1/output_0026/i0000191_s12_m16.jpg
data/images/03_09_2020_1/output_0017/i0000201_s12_m15.jpg
data/images/03_10_2020_1/output_0013/i0000648_s12_m16.jpg
data/images/03_10_2020_1/output_0005/i0000799_s12_m16.jpg
data/images/03_10_2020_1/output_0013/i0000319_s12_m16.jpg
data/images/03_06_2020_0/output_0009/i0000069_s12_m17.jpg
data/images/03_06_2020_0/output_0004/i0000826_s12_m16.jpg
data/images/03_06_2020_0/output_0008/i0000478_s12_m16.jpg
data/images/03_09_2020_1/output_0017/i0000068_s12_m17.jpg
data/images/03_09_2020_1/output_0039/i0000026_s12_m17.jpg
data/images/03_06_2020_0/output_0008/i0001422_s12_m17.jpg
data/images/03_10_2020_1/output_0000/i0000224_s12_m16.jpg
data/images/03_10_2020_1/output_0006/i0000623_s12_m16.jpg
data/images/03_10_2020_1/output_0007/i0000155_s12_m16.jpg
data/images/03_10_2020_1/output_0014/i0000651_s12_m16.jpg
data/images/03_10_2020_1/output_0014/i0000396_s12_m16.jpg
data/images/03_10_2020_1/output_0011/i0000560_s12_m16.jpg
data/images/03_09_2020_1/output_0032/i0000504_s12_m17.jpg
data/images/03_09_2020_1/output_0037/i0000052_s12_m16.jpg
data/images/03_09_2020_1/output_0039/i0000446_s12_m16.jpg
data/images/03_09_2020_1/output_0043/i0000630_s12_m17.jpg
data/images/03_06_2020_0/output_0006/i0000335_s12_m16.jpg
data/images/03_10_2020_1/output_0005/i0001023_s12_m16.jpg
data/images/03_10_2020_1/output_0010/i0000831_s12_m16.jpg
data/images/03_06_2020_0/output_0004/i0001009_s12_m17.jpg
data/images/03_09_2020_1/output_0020/i0000479_s12_m17.jpg
data/images/03_06_2020_0/output_0011/i0001085_s12_m17.jpg
data/images/03_10_2020_1/output_0001/i0000197_s12_m16.jpg
data/images/03_06_2020_0/output_0006/i0000350_s12_m17.jpg
data/images/03_10_2020_1/output_0015/i0000093_s12_m15.jpg
data/images/03_06_2020_0/output_0004/i0000838_s12_m16.jpg
data/images/03_09_2020_1/output_0042/i0000469_s12_m16.jpg
data/images/03_06_2020_0/output_0006/i0001051_s12_m17.jpg
data/images/03_10_2020_1/output_0010/i0000412_s12_m16.jpg
data/images/03_06_2020_0/output_0004/i0000023_s12_m15.jpg
data/images/03_06_2020_0/output_0008/i0001072_s12_m17.jpg
data/images/03_09_2020_1/output_0042/i0000347_s12_m17.jpg
data/images/03_09_2020_1/output_0018/i0000175_s12_m16.jpg
data/images/03_09_2020_1/output_0023/i0000241_s12_m16.jpg
data/images/03_06_2020_0/output_0009/i0000199_s12_m17.jpg
data/images/03_09_2020_1/output_0030/i0000652_s12_m16.jpg
data/images/03_10_2020_1/output_0009/i0000771_s12_m16.jpg
data/images/03_06_2020_0/output_0008/i0000291_s12_m17.jpg
data/images/03_09_2020_1/output_0032/i0000415_s12_m17.jpg
data/images/03_06_2020_0/output_0008/i0000184_s12_m17.jpg
data/images/03_09_2020_1/output_0032/i0000289_s12_m17.jpg
data/images/03_09_2020_1/output_0016/i0000591_s12_m16.jpg
data/images/03_09_2020_1/output_0021/i0000278_s12_m17.jpg
data/images/03_06_2020_0/output_0011/i0000459_s12_m17.jpg
data/images/03_09_2020_1/output_0043/i0000055_s12_m16.jpg
data/images/03_09_2020_1/output_0022/i0000512_s12_m16.jpg
data/images/03_09_2020_1/output_0032/i0000530_s12_m16.jpg
data/images/03_09_2020_1/output_0039/i0000164_s12_m16.jpg
data/images/03_09_2020_1/output_0027/i0000184_s12_m18.jpg
data/images/03_10_2020_1/output_0014/i0000792_s12_m16.jpg
data/images/03_10_2020_1/output_0014/i0000036_s12_m16.jpg
data/images/03_09_2020_1/output_0022/i0000434_s12_m17.jpg
data/images/03_10_2020_1/output_0010/i0000142_s12_m15.jpg
data/images/03_10_2020_1/output_0007/i0000200_s12_m16.jpg
data/images/03_09_2020_1/output_0041/i0000266_s12_m17.jpg
data/images/03_09_2020_1/output_0040/i0000628_s12_m17.jpg
data/images/03_06_2020_0/output_0004/i0001137_s12_m17.jpg
data/images/03_06_2020_0/output_0008/i0001067_s12_m17.jpg
data/images/03_09_2020_1/output_0039/i0000452_s12_m16.jpg
data/images/03_09_2020_1/output_0040/i0000057_s12_m16.jpg
data/images/03_09_2020_1/output_0031/i0000204_s12_m16.jpg
data/images/03_10_2020_1/output_0009/i0000172_s12_m16.jpg
data/images/03_06_2020_0/output_0004/i0000837_s12_m16.jpg
data/images/03_10_2020_1/output_0012/i0000690_s12_m16.jpg
data/images/03_09_2020_1/output_0029/i0000372_s12_m16.jpg
data/images/03_09_2020_1/output_0037/i0000803_s12_m17.jpg
data/images/03_10_2020_1/output_0013/i0000503_s12_m16.jpg
data/images/03_10_2020_1/output_0000/i0000218_s12_m16.jpg
data/images/03_10_2020_1/output_0009/i0000898_s12_m16.jpg
data/images/03_10_2020_1/output_0011/i0000229_s12_m16.jpg
data/images/03_10_2020_1/output_0005/i0000113_s12_m16.jpg
data/images/03_09_2020_1/output_0040/i0000505_s12_m17.jpg
data/images/03_10_2020_1/output_0010/i0001061_s12_m16.jpg
data/images/03_10_2020_1/output_0004/i0001083_s12_m16.jpg
data/images/03_09_2020_1/output_0042/i0000530_s12_m17.jpg
data/images/03_09_2020_1/output_0019/i0000351_s12_m17.jpg
data/images/03_09_2020_1/output_0019/i0000453_s12_m17.jpg
data/images/03_06_2020_0/output_0011/i0000694_s12_m17.jpg
data/images/03_09_2020_1/output_0024/i0000346_s12_m17.jpg
data/images/03_09_2020_1/output_0043/i0000659_s12_m17.jpg
data/images/03_09_2020_1/output_0020/i0000441_s12_m17.jpg
data/images/03_09_2020_1/output_0042/i0000123_s12_m17.jpg
data/images/03_09_2020_1/output_0032/i0000510_s12_m16.jpg
data/images/03_06_2020_0/output_0008/i0000022_s12_m16.jpg
data/images/03_06_2020_0/output_0004/i0001301_s12_m16.jpg
data/images/03_10_2020_1/output_0007/i0000522_s12_m16.jpg
data/images/03_10_2020_1/output_0010/i0000131_s12_m16.jpg
data/images/03_09_2020_1/output_0031/i0000084_s12_m16.jpg
data/images/03_09_2020_1/output_0022/i0000074_s12_m17.jpg
data/images/03_10_2020_1/output_0006/i0000456_s12_m16.jpg
data/images/03_09_2020_1/output_0041/i0000506_s12_m17.jpg
data/images/03_09_2020_1/output_0024/i0000519_s12_m17.jpg
data/images/03_09_2020_1/output_0035/i0000429_s12_m16.jpg
data/images/03_10_2020_1/output_0006/i0000728_s12_m16.jpg
data/images/03_10_2020_1/output_0003/i0000201_s12_m16.jpg
data/images/03_10_2020_1/output_0015/i0000705_s12_m16.jpg
data/images/03_09_2020_1/output_0023/i0000504_s12_m17.jpg
data/images/03_10_2020_1/output_0008/i0000474_s12_m16.jpg
data/images/03_09_2020_1/output_0024/i0000337_s12_m17.jpg
data/images/03_10_2020_1/output_0006/i0000820_s12_m16.jpg
data/images/03_09_2020_1/output_0021/i0000558_s12_m17.jpg
data/images/03_10_2020_1/output_0004/i0001101_s12_m16.jpg
data/images/03_09_2020_1/output_0031/i0000461_s12_m16.jpg
data/images/03_09_2020_1/output_0040/i0000686_s12_m17.jpg
data/images/03_09_2020_1/output_0023/i0000522_s12_m16.jpg
data/images/03_06_2020_0/output_0008/i0001421_s12_m17.jpg
data/images/03_09_2020_1/output_0040/i0000144_s12_m17.jpg
data/images/03_10_2020_1/output_0012/i0000678_s12_m16.jpg
data/images/03_10_2020_1/output_0009/i0000697_s12_m16.jpg
data/images/03_06_2020_0/output_0008/i0000404_s12_m16.jpg
data/images/03_06_2020_0/output_0004/i0000801_s12_m16.jpg
data/images/03_09_2020_1/output_0024/i0000692_s12_m17.jpg
data/images/03_10_2020_1/output_0004/i0000285_s12_m15.jpg
data/images/03_10_2020_1/output_0005/i0000603_s12_m16.jpg
data/images/03_09_2020_1/output_0029/i0000422_s12_m16.jpg
data/images/03_09_2020_1/output_0022/i0000351_s12_m17.jpg
data/images/03_10_2020_1/output_0004/i0000893_s12_m17.jpg
data/images/03_09_2020_1/output_0034/i0000215_s12_m16.jpg
data/images/03_10_2020_1/output_0010/i0000066_s12_m16.jpg
data/images/03_06_2020_0/output_0008/i0000327_s12_m17.jpg
data/images/03_09_2020_1/output_0032/i0000116_s12_m16.jpg
data/images/03_10_2020_1/output_0010/i0000599_s12_m16.jpg
data/images/03_09_2020_1/output_0016/i0000437_s12_m15.jpg
data/images/03_06_2020_0/output_0011/i0001287_s12_m18.jpg
data/images/03_09_2020_1/output_0021/i0000594_s12_m17.jpg
data/images/03_06_2020_0/output_0006/i0000245_s12_m16.jpg
data/images/03_09_2020_1/output_0040/i0000258_s12_m17.jpg
data/images/03_10_2020_1/output_0008/i0000301_s12_m16.jpg
data/images/03_09_2020_1/output_0037/i0000774_s12_m16.jpg
data/images/03_10_2020_1/output_0011/i0000362_s12_m16.jpg
data/images/03_09_2020_1/output_0026/i0000138_s12_m17.jpg
data/images/03_10_2020_1/output_0000/i0000225_s12_m16.jpg
data/images/03_09_2020_1/output_0042/i0000359_s12_m17.jpg
data/images/03_10_2020_1/output_0009/i0000666_s12_m16.jpg
data/images/03_10_2020_1/output_0008/i0000969_s12_m16.jpg
data/images/03_06_2020_0/output_0006/i0000184_s12_m17.jpg
data/images/03_09_2020_1/output_0017/i0000121_s12_m17.jpg
data/images/03_09_2020_1/output_0043/i0000437_s12_m17.jpg
data/images/03_09_2020_1/output_0042/i0000255_s12_m17.jpg
data/images/03_09_2020_1/output_0033/i0000176_s12_m16.jpg
data/images/03_09_2020_1/output_0039/i0000401_s12_m17.jpg
data/images/03_09_2020_1/output_0039/i0000441_s12_m16.jpg
data/images/03_06_2020_0/output_0006/i0001245_s12_m17.jpg
data/images/03_10_2020_1/output_0004/i0000575_s12_m16.jpg
data/images/03_09_2020_1/output_0033/i0000589_s12_m16.jpg
data/images/03_06_2020_0/output_0009/i0001295_s12_m17.jpg
data/images/03_10_2020_1/output_0004/i0000713_s12_m16.jpg
data/images/03_10_2020_1/output_0003/i0000033_s12_m16.jpg
data/images/03_09_2020_1/output_0040/i0000523_s12_m17.jpg
data/images/03_10_2020_1/output_0008/i0000701_s12_m16.jpg
data/images/03_10_2020_1/output_0014/i0000263_s12_m16.jpg
data/images/03_09_2020_1/output_0044/i0000048_s12_m17.jpg
data/images/03_10_2020_1/output_0000/i0000176_s12_m16.jpg
data/images/03_09_2020_1/output_0029/i0000789_s12_m17.jpg
data/images/03_09_2020_1/output_0039/i0000188_s12_m16.jpg
data/images/03_10_2020_1/output_0014/i0000781_s12_m16.jpg
data/images/03_10_2020_1/output_0016/i0000328_s12_m18.jpg
data/images/03_10_2020_1/output_0013/i0000787_s12_m16.jpg
data/images/03_09_2020_1/output_0035/i0000167_s12_m17.jpg
data/images/03_09_2020_1/output_0041/i0000402_s12_m17.jpg
data/images/03_10_2020_1/output_0013/i0000830_s12_m16.jpg
data/images/03_06_2020_0/output_0011/i0001445_s12_m18.jpg
data/images/03_06_2020_0/output_0011/i0000414_s12_m17.jpg
data/images/03_06_2020_0/output_0011/i0000851_s12_m17.jpg
data/images/03_09_2020_1/output_0031/i0000195_s12_m16.jpg
data/images/03_10_2020_1/output_0012/i0000029_s12_m16.jpg
data/images/03_09_2020_1/output_0030/i0000950_s12_m17.jpg
data/images/03_09_2020_1/output_0022/i0000072_s12_m17.jpg
data/images/03_09_2020_1/output_0035/i0000545_s12_m16.jpg
data/images/03_06_2020_0/output_0011/i0000495_s12_m17.jpg
data/images/03_10_2020_1/output_0015/i0000939_s12_m17.jpg
data/images/03_09_2020_1/output_0043/i0000260_s12_m16.jpg
data/images/03_10_2020_1/output_0009/i0000712_s12_m16.jpg
data/images/03_09_2020_1/output_0041/i0000157_s12_m16.jpg
data/images/03_09_2020_1/output_0029/i0000607_s12_m16.jpg
data/images/03_09_2020_1/output_0033/i0000320_s12_m16.jpg
data/images/03_09_2020_1/output_0033/i0000061_s12_m17.jpg
data/images/03_09_2020_1/output_0014/i0000261_s12_m17.jpg
data/images/03_09_2020_1/output_0042/i0000468_s12_m16.jpg
data/images/03_09_2020_1/output_0036/i0000472_s12_m16.jpg
data/images/03_09_2020_1/output_0023/i0000221_s12_m16.jpg
data/images/03_09_2020_1/output_0037/i0000388_s12_m16.jpg
data/images/03_10_2020_1/output_0004/i0000034_s12_m17.jpg
data/images/03_09_2020_1/output_0043/i0000117_s12_m17.jpg
data/images/03_06_2020_0/output_0004/i0000730_s12_m16.jpg
data/images/03_09_2020_1/output_0022/i0000284_s12_m17.jpg
data/images/03_09_2020_1/output_0043/i0000021_s12_m16.jpg
data/images/03_10_2020_1/output_0014/i0000723_s12_m16.jpg
data/images/03_06_2020_0/output_0009/i0000355_s12_m16.jpg
data/images/03_09_2020_1/output_0033/i0000293_s12_m16.jpg
data/images/03_10_2020_1/output_0000/i0000703_s12_m16.jpg
data/images/03_09_2020_1/output_0044/i0000435_s12_m18.jpg
data/images/03_10_2020_1/output_0013/i0000829_s12_m16.jpg
data/images/03_09_2020_1/output_0026/i0000505_s12_m17.jpg
data/images/03_10_2020_1/output_0013/i0000833_s12_m16.jpg
data/images/03_06_2020_0/output_0004/i0001066_s12_m17.jpg
data/images/03_09_2020_1/output_0013/i0000188_s12_m16.jpg
data/images/03_10_2020_1/output_0006/i0000796_s12_m16.jpg
data/images/03_06_2020_0/output_0006/i0000575_s12_m16.jpg
data/images/03_10_2020_1/output_0013/i0000295_s12_m16.jpg
data/images/03_09_2020_1/output_0037/i0000735_s12_m17.jpg
data/images/03_06_2020_0/output_0011/i0001029_s12_m17.jpg
data/images/03_09_2020_1/output_0014/i0000518_s12_m16.jpg
data/images/03_10_2020_1/output_0011/i0000874_s12_m16.jpg
data/images/03_10_2020_1/output_0014/i0000851_s12_m16.jpg
data/images/03_09_2020_1/output_0019/i0000438_s12_m17.jpg
data/images/03_10_2020_1/output_0011/i0000197_s12_m16.jpg
data/images/03_09_2020_1/output_0039/i0000394_s12_m17.jpg
data/images/03_06_2020_0/output_0004/i0001387_s12_m17.jpg
data/images/03_09_2020_1/output_0015/i0000347_s12_m16.jpg
data/images/03_06_2020_0/output_0008/i0000121_s12_m16.jpg
data/images/03_09_2020_1/output_0022/i0000566_s12_m16.jpg
data/images/03_10_2020_1/output_0001/i0000283_s12_m16.jpg
data/images/03_10_2020_1/output_0006/i0000285_s12_m16.jpg
data/images/03_09_2020_1/output_0044/i0000426_s12_m18.jpg
data/images/03_09_2020_1/output_0033/i0000216_s12_m16.jpg
data/images/03_09_2020_1/output_0041/i0000366_s12_m16.jpg
data/images/03_09_2020_1/output_0020/i0000371_s12_m17.jpg
data/images/03_09_2020_1/output_0030/i0000467_s12_m16.jpg
data/images/03_10_2020_1/output_0003/i0000272_s12_m16.jpg
data/images/03_09_2020_1/output_0037/i0000030_s12_m16.jpg
data/images/03_10_2020_1/output_0015/i0000222_s12_m16.jpg
data/images/03_10_2020_1/output_0013/i0000679_s12_m16.jpg
data/images/03_10_2020_1/output_0000/i0000376_s12_m16.jpg
data/images/03_09_2020_1/output_0026/i0000249_s12_m17.jpg
data/images/03_09_2020_1/output_0031/i0000718_s12_m17.jpg
data/images/03_09_2020_1/output_0041/i0000584_s12_m17.jpg
data/images/03_10_2020_1/output_0013/i0000175_s12_m16.jpg
data/images/03_09_2020_1/output_0036/i0000465_s12_m16.jpg
data/images/03_09_2020_1/output_0035/i0000604_s12_m17.jpg
data/images/03_10_2020_1/output_0001/i0000212_s12_m16.jpg
data/images/03_10_2020_1/output_0007/i0000524_s12_m16.jpg
data/images/03_09_2020_1/output_0033/i0000502_s12_m16.jpg
data/images/03_06_2020_0/output_0008/i0000976_s12_m16.jpg
data/images/03_09_2020_1/output_0022/i0000538_s12_m16.jpg
data/images/03_10_2020_1/output_0007/i0000684_s12_m16.jpg
data/images/03_09_2020_1/output_0036/i0000173_s12_m17.jpg
data/images/03_10_2020_1/output_0003/i0000566_s12_m16.jpg
data/images/03_10_2020_1/output_0010/i0001060_s12_m16.jpg
data/images/03_06_2020_0/output_0011/i0000412_s12_m17.jpg
data/images/03_10_2020_1/output_0006/i0000470_s12_m16.jpg
data/images/03_06_2020_0/output_0011/i0000224_s12_m16.jpg
data/images/03_10_2020_1/output_0008/i0000180_s12_m16.jpg
data/images/03_10_2020_1/output_0005/i0000585_s12_m16.jpg
data/images/03_09_2020_1/output_0026/i0000046_s12_m16.jpg
data/images/03_09_2020_1/output_0022/i0000433_s12_m17.jpg
data/images/03_09_2020_1/output_0032/i0000408_s12_m17.jpg
data/images/03_09_2020_1/output_0040/i0000289_s12_m17.jpg
data/images/03_09_2020_1/output_0044/i0000349_s12_m18.jpg
data/images/03_10_2020_1/output_0006/i0000430_s12_m16.jpg
data/images/03_09_2020_1/output_0019/i0000611_s12_m17.jpg
data/images/03_09_2020_1/output_0024/i0000408_s12_m17.jpg
data/images/03_10_2020_1/output_0005/i0000312_s12_m16.jpg
data/images/03_09_2020_1/output_0037/i0000330_s12_m17.jpg
data/images/03_09_2020_1/output_0033/i0000244_s12_m17.jpg
data/images/03_10_2020_1/output_0006/i0000760_s12_m16.jpg
data/images/03_09_2020_1/output_0044/i0000348_s12_m18.jpg
data/images/03_09_2020_1/output_0038/i0000585_s12_m17.jpg
data/images/03_10_2020_1/output_0000/i0000301_s12_m16.jpg
data/images/03_10_2020_1/output_0006/i0000872_s12_m16.jpg
data/images/03_10_2020_1/output_0007/i0000602_s12_m16.jpg
data/images/03_10_2020_1/output_0011/i0000669_s12_m16.jpg
data/images/03_06_2020_0/output_0004/i0001027_s12_m16.jpg
data/images/03_09_2020_1/output_0031/i0000602_s12_m16.jpg
data/images/03_09_2020_1/output_0043/i0000237_s12_m17.jpg
data/images/03_09_2020_1/output_0040/i0000681_s12_m17.jpg
data/images/03_09_2020_1/output_0041/i0000425_s12_m17.jpg
data/images/03_10_2020_1/output_0003/i0000257_s12_m16.jpg
data/images/03_09_2020_1/output_0019/i0000407_s12_m17.jpg
data/images/03_09_2020_1/output_0019/i0000551_s12_m17.jpg
data/images/03_09_2020_1/output_0032/i0000362_s12_m17.jpg
data/images/03_10_2020_1/output_0009/i0000672_s12_m16.jpg
data/images/03_10_2020_1/output_0008/i0000124_s12_m16.jpg
data/images/03_09_2020_1/output_0034/i0000441_s12_m17.jpg
data/images/03_09_2020_1/output_0032/i0000469_s12_m17.jpg
data/images/03_09_2020_1/output_0031/i0000756_s12_m17.jpg
data/images/03_10_2020_1/output_0014/i0000720_s12_m16.jpg
data/images/03_09_2020_1/output_0037/i0000787_s12_m16.jpg
data/images/03_10_2020_1/output_0012/i0000917_s12_m16.jpg
data/images/03_06_2020_0/output_0006/i0000696_s12_m17.jpg
data/images/03_06_2020_0/output_0011/i0001392_s12_m18.jpg
data/images/03_09_2020_1/output_0031/i0000248_s12_m17.jpg
data/images/03_09_2020_1/output_0042/i0000200_s12_m16.jpg
data/images/03_10_2020_1/output_0000/i0000025_s12_m16.jpg
data/images/03_10_2020_1/output_0012/i0000024_s12_m16.jpg
data/images/03_10_2020_1/output_0005/i0000458_s12_m15.jpg
data/images/03_09_2020_1/output_0019/i0000253_s12_m16.jpg
data/images/03_09_2020_1/output_0035/i0000560_s12_m17.jpg
data/images/03_10_2020_1/output_0006/i0000381_s12_m16.jpg
data/images/03_10_2020_1/output_0011/i0000659_s12_m16.jpg
data/images/03_10_2020_1/output_0000/i0000433_s12_m16.jpg
data/images/03_09_2020_1/output_0027/i0000070_s12_m18.jpg
data/images/03_09_2020_1/output_0042/i0000367_s12_m17.jpg
data/images/03_06_2020_0/output_0008/i0000542_s12_m17.jpg
data/images/03_06_2020_0/output_0004/i0001300_s12_m16.jpg
data/images/03_06_2020_0/output_0004/i0000138_s12_m16.jpg
data/images/03_10_2020_1/output_0004/i0000533_s12_m16.jpg
data/images/03_10_2020_1/output_0013/i0000911_s12_m16.jpg
data/images/03_09_2020_1/output_0044/i0000357_s12_m18.jpg
data/images/03_06_2020_0/output_0009/i0000153_s12_m16.jpg
data/images/03_10_2020_1/output_0011/i0000638_s12_m16.jpg
data/images/03_09_2020_1/output_0031/i0000881_s12_m16.jpg
data/images/03_09_2020_1/output_0026/i0000574_s12_m17.jpg
data/images/03_10_2020_1/output_0003/i0000657_s12_m16.jpg
data/images/03_10_2020_1/output_0013/i0000429_s12_m16.jpg
data/images/03_10_2020_1/output_0007/i0000671_s12_m16.jpg
data/images/03_10_2020_1/output_0014/i0000388_s12_m16.jpg
data/images/03_09_2020_1/output_0044/i0000276_s12_m18.jpg
data/images/03_10_2020_1/output_0003/i0000695_s12_m16.jpg
data/images/03_10_2020_1/output_0003/i0000969_s12_m16.jpg
data/images/03_10_2020_1/output_0000/i0000540_s12_m16.jpg
data/images/03_10_2020_1/output_0008/i0000475_s12_m16.jpg
data/images/03_10_2020_1/output_0011/i0000935_s12_m16.jpg
data/images/03_10_2020_1/output_0013/i0000533_s12_m16.jpg
data/images/03_09_2020_1/output_0034/i0000205_s12_m16.jpg
data/images/03_09_2020_1/output_0038/i0000066_s12_m16.jpg
data/images/03_10_2020_1/output_0009/i0000307_s12_m16.jpg
data/images/03_10_2020_1/output_0014/i0000762_s12_m16.jpg
data/images/03_10_2020_1/output_0003/i0000719_s12_m16.jpg
data/images/03_10_2020_1/output_0005/i0000030_s12_m16.jpg
data/images/03_09_2020_1/output_0040/i0000716_s12_m17.jpg
data/images/03_10_2020_1/output_0011/i0000673_s12_m16.jpg
data/images/03_10_2020_1/output_0013/i0000570_s12_m16.jpg
data/images/03_09_2020_1/output_0042/i0000289_s12_m17.jpg
data/images/03_09_2020_1/output_0026/i0000457_s12_m17.jpg
data/images/03_10_2020_1/output_0004/i0000690_s12_m15.jpg
data/images/03_09_2020_1/output_0024/i0000431_s12_m17.jpg
data/images/03_09_2020_1/output_0021/i0000055_s12_m17.jpg
data/images/03_09_2020_1/output_0027/i0000209_s12_m18.jpg
data/images/03_10_2020_1/output_0006/i0000070_s12_m16.jpg
data/images/03_09_2020_1/output_0037/i0000622_s12_m17.jpg
data/images/03_06_2020_0/output_0011/i0000608_s12_m17.jpg
data/images/03_09_2020_1/output_0041/i0000586_s12_m17.jpg
data/images/03_06_2020_0/output_0004/i0001053_s12_m17.jpg
data/images/03_09_2020_1/output_0042/i0000646_s12_m16.jpg
data/images/03_10_2020_1/output_0013/i0000656_s12_m16.jpg
data/images/03_09_2020_1/output_0029/i0000614_s12_m16.jpg
data/images/03_09_2020_1/output_0030/i0000301_s12_m16.jpg
data/images/03_06_2020_0/output_0004/i0001025_s12_m16.jpg
data/images/03_09_2020_1/output_0029/i0000745_s12_m17.jpg
data/images/03_09_2020_1/output_0023/i0000486_s12_m16.jpg
data/images/03_09_2020_1/output_0038/i0000328_s12_m17.jpg
data/images/03_09_2020_1/output_0043/i0000542_s12_m17.jpg
data/images/03_09_2020_1/output_0019/i0000658_s12_m17.jpg
data/images/03_10_2020_1/output_0012/i0000298_s12_m16.jpg
data/images/03_06_2020_0/output_0008/i0000862_s12_m16.jpg
data/images/03_09_2020_1/output_0022/i0000310_s12_m17.jpg
data/images/03_10_2020_1/output_0011/i0000952_s12_m16.jpg
data/images/03_06_2020_0/output_0009/i0000124_s12_m17.jpg
data/images/03_09_2020_1/output_0043/i0000044_s12_m16.jpg
data/images/03_10_2020_1/output_0005/i0000071_s12_m16.jpg
data/images/03_09_2020_1/output_0035/i0000686_s12_m16.jpg
data/images/03_09_2020_1/output_0041/i0000335_s12_m17.jpg
data/images/03_06_2020_0/output_0006/i0000443_s12_m16.jpg
data/images/03_09_2020_1/output_0021/i0000179_s12_m16.jpg
data/images/03_10_2020_1/output_0008/i0000982_s12_m16.jpg
data/images/03_10_2020_1/output_0008/i0001025_s12_m16.jpg
data/images/03_10_2020_1/output_0007/i0000358_s12_m16.jpg
data/images/03_10_2020_1/output_0013/i0000160_s12_m16.jpg
data/images/03_10_2020_1/output_0012/i0000330_s12_m16.jpg
data/images/03_09_2020_1/output_0022/i0000057_s12_m16.jpg
data/images/03_09_2020_1/output_0032/i0000452_s12_m16.jpg
data/images/03_09_2020_1/output_0023/i0000510_s12_m17.jpg
data/images/03_09_2020_1/output_0026/i0000533_s12_m17.jpg
data/images/03_10_2020_1/output_0006/i0000726_s12_m16.jpg
data/images/03_10_2020_1/output_0015/i0000489_s12_m16.jpg
data/images/03_10_2020_1/output_0009/i0000758_s12_m16.jpg
data/images/03_09_2020_1/output_0037/i0000288_s12_m17.jpg
data/images/03_06_2020_0/output_0008/i0000410_s12_m17.jpg
data/images/03_09_2020_1/output_0038/i0000668_s12_m16.jpg
data/images/03_09_2020_1/output_0037/i0000809_s12_m17.jpg
data/images/03_10_2020_1/output_0010/i0000332_s12_m16.jpg
data/images/03_09_2020_1/output_0018/i0000074_s12_m17.jpg
data/images/03_09_2020_1/output_0038/i0000101_s12_m16.jpg
data/images/03_10_2020_1/output_0013/i0000428_s12_m16.jpg
data/images/03_06_2020_0/output_0006/i0000892_s12_m16.jpg
data/images/03_06_2020_0/output_0004/i0001274_s12_m17.jpg
data/images/03_09_2020_1/output_0043/i0000171_s12_m17.jpg
data/images/03_09_2020_1/output_0023/i0000166_s12_m17.jpg
data/images/03_09_2020_1/output_0022/i0000110_s12_m17.jpg
data/images/03_09_2020_1/output_0040/i0000680_s12_m17.jpg
data/images/03_06_2020_0/output_0006/i0000300_s12_m17.jpg
data/images/03_09_2020_1/output_0035/i0000749_s12_m17.jpg
data/images/03_09_2020_1/output_0037/i0000790_s12_m16.jpg
data/images/03_09_2020_1/output_0019/i0000715_s12_m15.jpg
data/images/03_06_2020_0/output_0008/i0000243_s12_m17.jpg
data/images/03_09_2020_1/output_0026/i0000601_s12_m17.jpg
data/images/03_10_2020_1/output_0015/i0000663_s12_m16.jpg
data/images/03_09_2020_1/output_0026/i0000066_s12_m17.jpg
data/images/03_10_2020_1/output_0000/i0000442_s12_m16.jpg
data/images/03_09_2020_1/output_0019/i0000644_s12_m17.jpg
data/images/03_06_2020_0/output_0004/i0000510_s12_m16.jpg
data/images/03_10_2020_1/output_0014/i0000273_s12_m16.jpg
data/images/03_09_2020_1/output_0021/i0000615_s12_m17.jpg
data/images/03_09_2020_1/output_0036/i0000466_s12_m16.jpg
data/images/03_09_2020_1/output_0018/i0000668_s12_m16.jpg
data/images/03_10_2020_1/output_0011/i0000861_s12_m16.jpg
data/images/03_10_2020_1/output_0010/i0000398_s12_m16.jpg
data/images/03_09_2020_1/output_0030/i0000428_s12_m17.jpg
data/images/03_10_2020_1/output_0000/i0000159_s12_m16.jpg
data/images/03_10_2020_1/output_0015/i0000448_s12_m16.jpg
data/images/03_06_2020_0/output_0009/i0000247_s12_m17.jpg
data/images/03_10_2020_1/output_0010/i0000390_s12_m16.jpg
data/images/03_10_2020_1/output_0015/i0000554_s12_m16.jpg
data/images/03_06_2020_0/output_0011/i0001110_s12_m17.jpg
data/images/03_10_2020_1/output_0014/i0000637_s12_m16.jpg
data/images/03_06_2020_0/output_0011/i0000774_s12_m17.jpg
data/images/03_09_2020_1/output_0033/i0000162_s12_m16.jpg
data/images/03_09_2020_1/output_0040/i0000418_s12_m16.jpg
data/images/03_06_2020_0/output_0011/i0000475_s12_m17.jpg
data/images/03_09_2020_1/output_0039/i0000404_s12_m17.jpg
data/images/03_10_2020_1/output_0015/i0000125_s12_m16.jpg
data/images/03_06_2020_0/output_0004/i0000171_s12_m16.jpg
data/images/03_06_2020_0/output_0011/i0001127_s12_m17.jpg
data/images/03_10_2020_1/output_0015/i0000761_s12_m16.jpg
data/images/03_10_2020_1/output_0003/i0000751_s12_m16.jpg
data/images/03_06_2020_0/output_0008/i0001289_s12_m16.jpg
data/images/03_10_2020_1/output_0007/i0000430_s12_m16.jpg
data/images/03_06_2020_0/output_0011/i0000708_s12_m17.jpg
data/images/03_10_2020_1/output_0009/i0000668_s12_m16.jpg
data/images/03_09_2020_1/output_0021/i0000440_s12_m17.jpg
data/images/03_10_2020_1/output_0006/i0000453_s12_m16.jpg
data/images/03_10_2020_1/output_0009/i0000785_s12_m16.jpg
data/images/03_09_2020_1/output_0031/i0000046_s12_m17.jpg
data/images/03_10_2020_1/output_0008/i0000876_s12_m16.jpg
data/images/03_09_2020_1/output_0043/i0000497_s12_m17.jpg
data/images/03_10_2020_1/output_0013/i0000210_s12_m16.jpg
data/images/03_09_2020_1/output_0020/i0000442_s12_m17.jpg
data/images/03_09_2020_1/output_0040/i0000577_s12_m17.jpg
data/images/03_09_2020_1/output_0031/i0000309_s12_m17.jpg
data/images/03_06_2020_0/output_0006/i0000930_s12_m17.jpg
data/images/03_09_2020_1/output_0024/i0000522_s12_m17.jpg
data/images/03_09_2020_1/output_0015/i0000099_s12_m16.jpg
data/images/03_09_2020_1/output_0018/i0000080_s12_m17.jpg
data/images/03_10_2020_1/output_0008/i0000340_s12_m16.jpg
data/images/03_09_2020_1/output_0032/i0000546_s12_m16.jpg
data/images/03_10_2020_1/output_0004/i0000806_s12_m15.jpg
data/images/03_09_2020_1/output_0032/i0000282_s12_m17.jpg
data/images/03_10_2020_1/output_0002/i0000253_s12_m16.jpg
data/images/03_10_2020_1/output_0003/i0000604_s12_m16.jpg
data/images/03_09_2020_1/output_0031/i0000783_s12_m17.jpg
data/images/03_09_2020_1/output_0037/i0000786_s12_m16.jpg
data/images/03_10_2020_1/output_0010/i0000937_s12_m16.jpg
data/images/03_10_2020_1/output_0006/i0000828_s12_m16.jpg
data/images/03_09_2020_1/output_0023/i0000165_s12_m17.jpg
data/images/03_06_2020_0/output_0008/i0000422_s12_m17.jpg
data/images/03_06_2020_0/output_0004/i0000336_s12_m16.jpg
data/images/03_10_2020_1/output_0012/i0000023_s12_m16.jpg
data/images/03_10_2020_1/output_0005/i0000695_s12_m16.jpg
data/images/03_10_2020_1/output_0010/i0000603_s12_m16.jpg
data/images/03_10_2020_1/output_0014/i0000617_s12_m16.jpg
data/images/03_10_2020_1/output_0008/i0000243_s12_m16.jpg
data/images/03_09_2020_1/output_0032/i0000682_s12_m17.jpg
data/images/03_10_2020_1/output_0004/i0000917_s12_m16.jpg
data/images/03_09_2020_1/output_0026/i0000115_s12_m16.jpg
data/images/03_10_2020_1/output_0006/i0000432_s12_m16.jpg
data/images/03_10_2020_1/output_0011/i0001034_s12_m16.jpg
data/images/03_09_2020_1/output_0026/i0000239_s12_m17.jpg
data/images/03_09_2020_1/output_0022/i0000144_s12_m16.jpg
data/images/03_10_2020_1/output_0013/i0000919_s12_m16.jpg
data/images/03_09_2020_1/output_0026/i0000039_s12_m16.jpg
data/images/03_10_2020_1/output_0011/i0000718_s12_m16.jpg
data/images/03_06_2020_0/output_0009/i0001334_s12_m17.jpg
data/images/03_09_2020_1/output_0033/i0000564_s12_m16.jpg
data/images/03_06_2020_0/output_0011/i0000647_s12_m17.jpg
data/images/03_06_2020_0/output_0009/i0000210_s12_m17.jpg
data/images/03_09_2020_1/output_0042/i0000034_s12_m17.jpg
data/images/03_10_2020_1/output_0010/i0000391_s12_m16.jpg
data/images/03_09_2020_1/output_0036/i0000660_s12_m16.jpg
data/images/03_10_2020_1/output_0006/i0000431_s12_m16.jpg
data/images/03_09_2020_1/output_0022/i0000698_s12_m17.jpg
data/images/03_10_2020_1/output_0008/i0000126_s12_m16.jpg
data/images/03_10_2020_1/output_0006/i0000201_s12_m16.jpg
data/images/03_10_2020_1/output_0016/i0000040_s12_m18.jpg
data/images/03_06_2020_0/output_0008/i0001041_s12_m16.jpg
data/images/03_09_2020_1/output_0040/i0000268_s12_m17.jpg
data/images/03_10_2020_1/output_0006/i0000636_s12_m16.jpg
data/images/03_10_2020_1/output_0015/i0000615_s12_m16.jpg
data/images/03_10_2020_1/output_0006/i0000077_s12_m16.jpg
data/images/03_09_2020_1/output_0027/i0000192_s12_m18.jpg
data/images/03_10_2020_1/output_0009/i0000255_s12_m16.jpg
data/images/03_10_2020_1/output_0000/i0000042_s12_m15.jpg
data/images/03_09_2020_1/output_0038/i0000564_s12_m17.jpg
data/images/03_09_2020_1/output_0032/i0000236_s12_m16.jpg
data/images/03_09_2020_1/output_0020/i0000308_s12_m17.jpg
data/images/03_06_2020_0/output_0008/i0000506_s12_m17.jpg
data/images/03_10_2020_1/output_0009/i0000082_s12_m16.jpg
data/images/03_09_2020_1/output_0032/i0000166_s12_m17.jpg
data/images/03_06_2020_0/output_0004/i0000083_s12_m17.jpg
data/images/03_09_2020_1/output_0021/i0000315_s12_m17.jpg
data/images/03_10_2020_1/output_0015/i0000908_s12_m18.jpg
data/images/03_09_2020_1/output_0040/i0000127_s12_m17.jpg
data/images/03_06_2020_0/output_0004/i0000779_s12_m17.jpg
data/images/03_06_2020_0/output_0006/i0000693_s12_m17.jpg
data/images/03_09_2020_1/output_0040/i0000485_s12_m17.jpg
data/images/03_09_2020_1/output_0043/i0000748_s12_m17.jpg
data/images/03_09_2020_1/output_0024/i0000593_s12_m17.jpg
data/images/03_09_2020_1/output_0027/i0000267_s12_m18.jpg
data/images/03_09_2020_1/output_0029/i0000623_s12_m16.jpg
data/images/03_10_2020_1/output_0011/i0000653_s12_m16.jpg
data/images/03_10_2020_1/output_0006/i0000727_s12_m16.jpg
data/images/03_06_2020_0/output_0004/i0000849_s12_m16.jpg
data/images/03_06_2020_0/output_0006/i0000551_s12_m17.jpg
data/images/03_06_2020_0/output_0009/i0000189_s12_m16.jpg
data/images/03_09_2020_1/output_0042/i0000085_s12_m17.jpg
data/images/03_09_2020_1/output_0020/i0000309_s12_m17.jpg
data/images/03_09_2020_1/output_0041/i0000401_s12_m17.jpg
data/images/03_09_2020_1/output_0018/i0000385_s12_m16.jpg
data/images/03_10_2020_1/output_0012/i0000531_s12_m16.jpg
data/images/03_10_2020_1/output_0012/i0000697_s12_m16.jpg
data/images/03_09_2020_1/output_0040/i0000542_s12_m17.jpg
data/images/03_10_2020_1/output_0010/i0001057_s12_m16.jpg
data/images/03_09_2020_1/output_0022/i0000577_s12_m16.jpg
data/images/03_09_2020_1/output_0021/i0000642_s12_m17.jpg
data/images/03_09_2020_1/output_0031/i0000588_s12_m17.jpg
data/images/03_09_2020_1/output_0044/i0000294_s12_m18.jpg
data/images/03_06_2020_0/output_0008/i0000705_s12_m16.jpg
data/images/03_09_2020_1/output_0043/i0000054_s12_m16.jpg
data/images/03_10_2020_1/output_0011/i0000845_s12_m16.jpg
data/images/03_09_2020_1/output_0038/i0000238_s12_m16.jpg
data/images/03_06_2020_0/output_0008/i0001012_s12_m16.jpg
data/images/03_09_2020_1/output_0036/i0000661_s12_m16.jpg
data/images/03_09_2020_1/output_0018/i0000383_s12_m16.jpg
data/images/03_09_2020_1/output_0019/i0000304_s12_m16.jpg
data/images/03_09_2020_1/output_0031/i0000227_s12_m17.jpg
data/images/03_06_2020_0/output_0004/i0000932_s12_m16.jpg
data/images/03_10_2020_1/output_0010/i0000669_s12_m16.jpg
data/images/03_09_2020_1/output_0036/i0000611_s12_m16.jpg
data/images/03_10_2020_1/output_0007/i0000156_s12_m16.jpg
data/images/03_09_2020_1/output_0032/i0000420_s12_m17.jpg
data/images/03_06_2020_0/output_0008/i0001127_s12_m16.jpg
data/images/03_10_2020_1/output_0003/i0000645_s12_m16.jpg
data/images/03_09_2020_1/output_0021/i0000442_s12_m17.jpg
data/images/03_10_2020_1/output_0003/i0000073_s12_m16.jpg
data/images/03_10_2020_1/output_0009/i0000662_s12_m16.jpg
data/images/03_10_2020_1/output_0014/i0000881_s12_m16.jpg
data/images/03_10_2020_1/output_0006/i0000418_s12_m16.jpg
data/images/03_09_2020_1/output_0032/i0000082_s12_m17.jpg
data/images/03_09_2020_1/output_0042/i0000390_s12_m17.jpg
data/images/03_09_2020_1/output_0037/i0000807_s12_m17.jpg
data/images/03_09_2020_1/output_0039/i0000710_s12_m17.jpg
data/images/03_10_2020_1/output_0005/i0000313_s12_m16.jpg
data/images/03_09_2020_1/output_0016/i0000540_s12_m15.jpg
data/images/03_09_2020_1/output_0024/i0000541_s12_m17.jpg
data/images/03_10_2020_1/output_0016/i0000084_s12_m17.jpg
data/images/03_09_2020_1/output_0034/i0000384_s12_m16.jpg
data/images/03_09_2020_1/output_0029/i0000554_s12_m16.jpg
data/images/03_09_2020_1/output_0033/i0000305_s12_m16.jpg
data/images/03_10_2020_1/output_0006/i0000677_s12_m16.jpg
data/images/03_09_2020_1/output_0029/i0000736_s12_m17.jpg
data/images/03_09_2020_1/output_0029/i0000103_s12_m16.jpg
data/images/03_09_2020_1/output_0036/i0000676_s12_m16.jpg
data/images/03_09_2020_1/output_0033/i0000440_s12_m17.jpg
data/images/03_10_2020_1/output_0016/i0000346_s12_m18.jpg
data/images/03_09_2020_1/output_0030/i0000620_s12_m17.jpg
data/images/03_09_2020_1/output_0039/i0000436_s12_m16.jpg
data/images/03_09_2020_1/output_0041/i0000360_s12_m16.jpg
data/images/03_10_2020_1/output_0004/i0000519_s12_m16.jpg
data/images/03_09_2020_1/output_0024/i0000558_s12_m17.jpg
data/images/03_09_2020_1/output_0026/i0000297_s12_m17.jpg
data/images/03_09_2020_1/output_0044/i0000284_s12_m18.jpg
data/images/03_06_2020_0/output_0004/i0000697_s12_m16.jpg
data/images/03_06_2020_0/output_0006/i0000096_s12_m16.jpg
data/images/03_10_2020_1/output_0010/i0000386_s12_m16.jpg
data/images/03_06_2020_0/output_0004/i0001067_s12_m17.jpg
data/images/03_10_2020_1/output_0012/i0000030_s12_m16.jpg
data/images/03_09_2020_1/output_0039/i0000553_s12_m17.jpg
data/images/03_09_2020_1/output_0018/i0000045_s12_m17.jpg
data/images/03_10_2020_1/output_0000/i0000394_s12_m16.jpg
data/images/03_10_2020_1/output_0005/i0000932_s12_m16.jpg
data/images/03_09_2020_1/output_0037/i0000625_s12_m17.jpg
data/images/03_09_2020_1/output_0042/i0000463_s12_m16.jpg
data/images/03_09_2020_1/output_0040/i0000376_s12_m16.jpg
data/images/03_09_2020_1/output_0036/i0000120_s12_m17.jpg
data/images/03_06_2020_0/output_0004/i0000169_s12_m16.jpg
data/images/03_09_2020_1/output_0031/i0000880_s12_m16.jpg
data/images/03_10_2020_1/output_0013/i0000201_s12_m16.jpg
data/images/03_09_2020_1/output_0030/i0000195_s12_m17.jpg
data/images/03_09_2020_1/output_0031/i0000564_s12_m17.jpg
data/images/03_10_2020_1/output_0003/i0000295_s12_m16.jpg
data/images/03_09_2020_1/output_0022/i0000539_s12_m16.jpg
data/images/03_06_2020_0/output_0004/i0001343_s12_m16.jpg
data/images/03_06_2020_0/output_0004/i0001094_s12_m17.jpg
data/images/03_10_2020_1/output_0005/i0000917_s12_m16.jpg
data/images/03_10_2020_1/output_0014/i0000668_s12_m16.jpg
data/images/03_09_2020_1/output_0032/i0000097_s12_m16.jpg
data/images/03_10_2020_1/output_0015/i0000488_s12_m16.jpg
data/images/03_09_2020_1/output_0037/i0000603_s12_m17.jpg
data/images/03_10_2020_1/output_0013/i0000909_s12_m16.jpg
data/images/03_09_2020_1/output_0038/i0000315_s12_m17.jpg
data/images/03_09_2020_1/output_0024/i0000205_s12_m17.jpg
data/images/03_10_2020_1/output_0005/i0000177_s12_m16.jpg
data/images/03_06_2020_0/output_0011/i0000290_s12_m17.jpg
data/images/03_09_2020_1/output_0032/i0000519_s12_m16.jpg
data/images/03_10_2020_1/output_0008/i0000016_s12_m16.jpg
data/images/03_06_2020_0/output_0004/i0000778_s12_m17.jpg
data/images/03_09_2020_1/output_0034/i0000203_s12_m16.jpg
data/images/03_10_2020_1/output_0008/i0000664_s12_m16.jpg
data/images/03_09_2020_1/output_0013/i0000460_s12_m16.jpg
data/images/03_10_2020_1/output_0013/i0000785_s12_m16.jpg
data/images/03_10_2020_1/output_0015/i0000166_s12_m16.jpg
data/images/03_06_2020_0/output_0004/i0000776_s12_m17.jpg
data/images/03_09_2020_1/output_0018/i0000109_s12_m17.jpg
data/images/03_09_2020_1/output_0043/i0000192_s12_m17.jpg
data/images/03_09_2020_1/output_0041/i0000526_s12_m17.jpg
data/images/03_10_2020_1/output_0013/i0000564_s12_m16.jpg
data/images/03_09_2020_1/output_0022/i0000142_s12_m16.jpg
data/images/03_09_2020_1/output_0022/i0000443_s12_m17.jpg
data/images/03_09_2020_1/output_0029/i0000708_s12_m16.jpg
data/images/03_09_2020_1/output_0031/i0000420_s12_m17.jpg
data/images/03_09_2020_1/output_0022/i0000244_s12_m17.jpg
data/images/03_06_2020_0/output_0009/i0000202_s12_m17.jpg
data/images/03_06_2020_0/output_0006/i0000927_s12_m16.jpg
data/images/03_10_2020_1/output_0012/i0000168_s12_m16.jpg
data/images/03_10_2020_1/output_0003/i0000039_s12_m16.jpg
data/images/03_10_2020_1/output_0015/i0000411_s12_m16.jpg
data/images/03_09_2020_1/output_0037/i0000432_s12_m17.jpg
data/images/03_09_2020_1/output_0021/i0000329_s12_m17.jpg
data/images/03_06_2020_0/output_0004/i0001298_s12_m16.jpg
data/images/03_06_2020_0/output_0009/i0001435_s12_m17.jpg
data/images/03_09_2020_1/output_0032/i0000098_s12_m16.jpg
data/images/03_09_2020_1/output_0037/i0000802_s12_m17.jpg
data/images/03_10_2020_1/output_0015/i0000043_s12_m16.jpg
data/images/03_06_2020_0/output_0011/i0000077_s12_m17.jpg
data/images/03_06_2020_0/output_0008/i0000908_s12_m16.jpg
data/images/03_06_2020_0/output_0011/i0000709_s12_m17.jpg
data/images/03_09_2020_1/output_0033/i0000291_s12_m16.jpg
data/images/03_09_2020_1/output_0041/i0000301_s12_m17.jpg
data/images/03_06_2020_0/output_0008/i0000225_s12_m17.jpg
data/images/03_06_2020_0/output_0006/i0000645_s12_m17.jpg
data/images/03_09_2020_1/output_0029/i0000255_s12_m16.jpg
data/images/03_06_2020_0/output_0006/i0000747_s12_m16.jpg
data/images/03_09_2020_1/output_0041/i0000156_s12_m16.jpg
data/images/03_06_2020_0/output_0004/i0001361_s12_m17.jpg
data/images/03_06_2020_0/output_0006/i0000646_s12_m17.jpg
data/images/03_06_2020_0/output_0011/i0000405_s12_m17.jpg
data/images/03_09_2020_1/output_0026/i0000550_s12_m17.jpg
data/images/03_10_2020_1/output_0007/i0000686_s12_m16.jpg
data/images/03_09_2020_1/output_0038/i0000576_s12_m17.jpg
data/images/03_09_2020_1/output_0031/i0000296_s12_m17.jpg
data/images/03_06_2020_0/output_0011/i0001446_s12_m18.jpg
data/images/03_09_2020_1/output_0032/i0000184_s12_m17.jpg
data/images/03_06_2020_0/output_0004/i0000895_s12_m16.jpg
data/images/03_09_2020_1/output_0044/i0000228_s12_m18.jpg
data/images/03_10_2020_1/output_0005/i0000525_s12_m16.jpg
data/images/03_10_2020_1/output_0008/i0000125_s12_m16.jpg
data/images/03_09_2020_1/output_0032/i0000425_s12_m17.jpg
data/images/03_09_2020_1/output_0030/i0000847_s12_m17.jpg
data/images/03_09_2020_1/output_0019/i0000399_s12_m17.jpg
data/images/03_09_2020_1/output_0041/i0000642_s12_m16.jpg
data/images/03_10_2020_1/output_0013/i0000447_s12_m16.jpg
data/images/03_09_2020_1/output_0037/i0000389_s12_m16.jpg
data/images/03_06_2020_0/output_0006/i0000388_s12_m16.jpg
data/images/03_09_2020_1/output_0031/i0000629_s12_m16.jpg
data/images/03_06_2020_0/output_0011/i0001375_s12_m18.jpg
data/images/03_06_2020_0/output_0004/i0000827_s12_m16.jpg
data/images/03_10_2020_1/output_0003/i0000113_s12_m16.jpg
data/images/03_10_2020_1/output_0005/i0000085_s12_m15.jpg
data/images/03_10_2020_1/output_0014/i0000547_s12_m16.jpg
data/images/03_10_2020_1/output_0003/i0000191_s12_m16.jpg
data/images/03_09_2020_1/output_0016/i0000069_s12_m17.jpg
data/images/03_10_2020_1/output_0016/i0000049_s12_m18.jpg
data/images/03_09_2020_1/output_0037/i0000394_s12_m17.jpg
data/images/03_09_2020_1/output_0023/i0000553_s12_m16.jpg
data/images/03_09_2020_1/output_0039/i0000059_s12_m16.jpg
data/images/03_06_2020_0/output_0008/i0000346_s12_m16.jpg
data/images/03_09_2020_1/output_0019/i0000468_s12_m17.jpg
data/images/03_10_2020_1/output_0013/i0000430_s12_m16.jpg
data/images/03_10_2020_1/output_0012/i0000905_s12_m16.jpg
data/images/03_10_2020_1/output_0000/i0000557_s12_m16.jpg
data/images/03_09_2020_1/output_0026/i0000394_s12_m17.jpg
data/images/03_09_2020_1/output_0013/i0000044_s12_m16.jpg
data/images/03_10_2020_1/output_0007/i0000177_s12_m16.jpg
data/images/03_10_2020_1/output_0008/i0000151_s12_m16.jpg
data/images/03_06_2020_0/output_0006/i0001243_s12_m16.jpg
data/images/03_09_2020_1/output_0037/i0000319_s12_m17.jpg
data/images/03_09_2020_1/output_0026/i0000296_s12_m17.jpg
data/images/03_09_2020_1/output_0032/i0000320_s12_m17.jpg
data/images/03_09_2020_1/output_0033/i0000205_s12_m16.jpg
data/images/03_09_2020_1/output_0029/i0000816_s12_m17.jpg
data/images/03_09_2020_1/output_0030/i0000345_s12_m17.jpg
data/images/03_10_2020_1/output_0015/i0000307_s12_m16.jpg
data/images/03_09_2020_1/output_0022/i0000319_s12_m17.jpg
data/images/03_10_2020_1/output_0008/i0000798_s12_m16.jpg
data/images/03_06_2020_0/output_0009/i0000174_s12_m16.jpg
data/images/03_10_2020_1/output_0011/i0000198_s12_m16.jpg
data/images/03_10_2020_1/output_0013/i0000630_s12_m16.jpg
data/images/03_06_2020_0/output_0008/i0001499_s12_m17.jpg
data/images/03_09_2020_1/output_0036/i0000132_s12_m17.jpg
data/images/03_10_2020_1/output_0016/i0000200_s12_m17.jpg
data/images/03_10_2020_1/output_0013/i0000849_s12_m16.jpg
data/images/03_09_2020_1/output_0040/i0000699_s12_m17.jpg
data/images/03_09_2020_1/output_0031/i0000730_s12_m17.jpg
data/images/03_09_2020_1/output_0041/i0000471_s12_m17.jpg
data/images/03_09_2020_1/output_0041/i0000683_s12_m17.jpg
data/images/03_09_2020_1/output_0036/i0000044_s12_m17.jpg
data/images/03_09_2020_1/output_0031/i0000775_s12_m17.jpg
data/images/03_10_2020_1/output_0004/i0000425_s12_m16.jpg
data/images/03_09_2020_1/output_0035/i0000107_s12_m17.jpg
data/images/03_09_2020_1/output_0036/i0000137_s12_m17.jpg
data/images/03_10_2020_1/output_0015/i0000650_s12_m16.jpg
data/images/03_06_2020_0/output_0008/i0001046_s12_m16.jpg
data/images/03_09_2020_1/output_0043/i0000382_s12_m17.jpg
data/images/03_09_2020_1/output_0022/i0000476_s12_m16.jpg
data/images/03_09_2020_1/output_0031/i0000330_s12_m16.jpg
data/images/03_10_2020_1/output_0010/i0000852_s12_m16.jpg
data/images/03_09_2020_1/output_0037/i0000254_s12_m16.jpg
data/images/03_09_2020_1/output_0031/i0000022_s12_m16.jpg
data/images/03_09_2020_1/output_0042/i0000800_s12_m16.jpg
data/images/03_09_2020_1/output_0020/i0000677_s12_m17.jpg
data/images/03_06_2020_0/output_0011/i0000823_s12_m17.jpg
data/images/03_10_2020_1/output_0006/i0000093_s12_m16.jpg
data/images/03_09_2020_1/output_0041/i0000643_s12_m16.jpg
data/images/03_09_2020_1/output_0039/i0000196_s12_m16.jpg
data/images/03_06_2020_0/output_0004/i0001135_s12_m17.jpg
data/images/03_09_2020_1/output_0043/i0000353_s12_m17.jpg
data/images/03_10_2020_1/output_0015/i0000812_s12_m16.jpg
data/images/03_10_2020_1/output_0004/i0000714_s12_m16.jpg
data/images/03_09_2020_1/output_0019/i0000713_s12_m15.jpg
data/images/03_10_2020_1/output_0014/i0000093_s12_m16.jpg
data/images/03_06_2020_0/output_0004/i0001218_s12_m16.jpg
data/images/03_09_2020_1/output_0041/i0000267_s12_m17.jpg
data/images/03_09_2020_1/output_0019/i0000254_s12_m16.jpg
data/images/03_09_2020_1/output_0043/i0000326_s12_m17.jpg
data/images/03_09_2020_1/output_0040/i0000476_s12_m17.jpg
data/images/03_10_2020_1/output_0001/i0000094_s12_m16.jpg
data/images/03_09_2020_1/output_0042/i0000686_s12_m17.jpg
data/images/03_09_2020_1/output_0041/i0000361_s12_m16.jpg
data/images/03_06_2020_0/output_0004/i0001136_s12_m17.jpg
data/images/03_09_2020_1/output_0016/i0000565_s12_m16.jpg
data/images/03_06_2020_0/output_0011/i0000642_s12_m17.jpg
data/images/03_09_2020_1/output_0041/i0000193_s12_m16.jpg
data/images/03_10_2020_1/output_0003/i0000405_s12_m16.jpg
data/images/03_10_2020_1/output_0005/i0000583_s12_m16.jpg
data/images/03_09_2020_1/output_0043/i0000648_s12_m17.jpg
data/images/03_10_2020_1/output_0004/i0000619_s12_m16.jpg
data/images/03_06_2020_0/output_0011/i0000819_s12_m16.jpg
data/images/03_10_2020_1/output_0011/i0000189_s12_m16.jpg
data/images/03_10_2020_1/output_0003/i0000194_s12_m16.jpg
data/images/03_10_2020_1/output_0011/i0000831_s12_m16.jpg
data/images/03_10_2020_1/output_0007/i0000687_s12_m16.jpg
data/images/03_09_2020_1/output_0024/i0000316_s12_m17.jpg
data/images/03_06_2020_0/output_0008/i0001024_s12_m17.jpg
data/images/03_09_2020_1/output_0038/i0000228_s12_m16.jpg
data/images/03_06_2020_0/output_0008/i0001057_s12_m17.jpg
data/images/03_10_2020_1/output_0009/i0000294_s12_m16.jpg
data/images/03_09_2020_1/output_0026/i0000118_s12_m17.jpg
data/images/03_09_2020_1/output_0042/i0000122_s12_m17.jpg
data/images/03_09_2020_1/output_0018/i0000253_s12_m16.jpg
data/images/03_10_2020_1/output_0006/i0000564_s12_m16.jpg
data/images/03_09_2020_1/output_0042/i0000671_s12_m17.jpg
data/images/03_09_2020_1/output_0031/i0000615_s12_m16.jpg
data/images/03_09_2020_1/output_0021/i0000070_s12_m16.jpg
data/images/03_10_2020_1/output_0008/i0000293_s12_m16.jpg
data/images/03_09_2020_1/output_0018/i0000424_s12_m17.jpg
data/images/03_09_2020_1/output_0033/i0000651_s12_m16.jpg
data/images/03_09_2020_1/output_0031/i0000344_s12_m16.jpg
data/images/03_09_2020_1/output_0040/i0000416_s12_m16.jpg
data/images/03_06_2020_0/output_0011/i0000351_s12_m17.jpg
data/images/03_06_2020_0/output_0011/i0000762_s12_m17.jpg
data/images/03_09_2020_1/output_0021/i0000384_s12_m17.jpg
data/images/03_09_2020_1/output_0044/i0000118_s12_m16.jpg
data/images/03_09_2020_1/output_0022/i0000677_s12_m16.jpg
data/images/03_09_2020_1/output_0038/i0000457_s12_m17.jpg
data/images/03_10_2020_1/output_0000/i0000240_s12_m16.jpg
data/images/03_10_2020_1/output_0006/i0000640_s12_m16.jpg
data/images/03_10_2020_1/output_0007/i0000356_s12_m16.jpg
data/images/03_09_2020_1/output_0038/i0000563_s12_m17.jpg
data/images/03_09_2020_1/output_0032/i0000017_s12_m16.jpg
data/images/03_09_2020_1/output_0026/i0000243_s12_m17.jpg
data/images/03_10_2020_1/output_0005/i0000767_s12_m16.jpg
data/images/03_09_2020_1/output_0024/i0000559_s12_m17.jpg
data/images/03_06_2020_0/output_0006/i0000223_s12_m17.jpg
data/images/03_09_2020_1/output_0038/i0000693_s12_m17.jpg
data/images/03_09_2020_1/output_0044/i0000163_s12_m18.jpg
data/images/03_10_2020_1/output_0009/i0000899_s12_m16.jpg
data/images/03_09_2020_1/output_0036/i0000378_s12_m16.jpg
data/images/03_09_2020_1/output_0039/i0000451_s12_m16.jpg
data/images/03_09_2020_1/output_0041/i0000719_s12_m16.jpg
data/images/03_09_2020_1/output_0030/i0000381_s12_m16.jpg
data/images/03_09_2020_1/output_0022/i0000521_s12_m16.jpg
data/images/03_10_2020_1/output_0006/i0000168_s12_m16.jpg
data/images/03_10_2020_1/output_0011/i0000848_s12_m16.jpg
data/images/03_06_2020_0/output_0011/i0000782_s12_m16.jpg
data/images/03_09_2020_1/output_0034/i0000136_s12_m16.jpg
data/images/03_09_2020_1/output_0021/i0000082_s12_m16.jpg
data/images/03_06_2020_0/output_0006/i0000067_s12_m16.jpg
data/images/03_09_2020_1/output_0040/i0000499_s12_m17.jpg
data/images/03_10_2020_1/output_0000/i0000312_s12_m16.jpg
data/images/03_06_2020_0/output_0009/i0000107_s12_m16.jpg
data/images/03_06_2020_0/output_0008/i0000435_s12_m16.jpg
data/images/03_06_2020_0/output_0004/i0000874_s12_m17.jpg
data/images/03_10_2020_1/output_0013/i0000017_s12_m16.jpg
data/images/03_06_2020_0/output_0006/i0000338_s12_m16.jpg
data/images/03_06_2020_0/output_0006/i0000196_s12_m16.jpg
data/images/03_10_2020_1/output_0014/i0000309_s12_m16.jpg
data/images/03_06_2020_0/output_0006/i0000243_s12_m16.jpg
data/images/03_09_2020_1/output_0035/i0000440_s12_m16.jpg
data/images/03_09_2020_1/output_0018/i0000164_s12_m16.jpg
data/images/03_06_2020_0/output_0006/i0000860_s12_m17.jpg
data/images/03_09_2020_1/output_0032/i0000281_s12_m17.jpg
data/images/03_09_2020_1/output_0043/i0000666_s12_m17.jpg
data/images/03_10_2020_1/output_0012/i0000507_s12_m16.jpg
data/images/03_06_2020_0/output_0004/i0000370_s12_m16.jpg
data/images/03_09_2020_1/output_0037/i0000431_s12_m17.jpg
data/images/03_10_2020_1/output_0005/i0000599_s12_m16.jpg
data/images/03_09_2020_1/output_0020/i0000639_s12_m17.jpg
data/images/03_10_2020_1/output_0015/i0000728_s12_m16.jpg
data/images/03_06_2020_0/output_0008/i0000664_s12_m16.jpg
data/images/03_09_2020_1/output_0020/i0000527_s12_m17.jpg
data/images/03_06_2020_0/output_0004/i0000989_s12_m16.jpg
data/images/03_10_2020_1/output_0006/i0000744_s12_m16.jpg
data/images/03_06_2020_0/output_0009/i0000025_s12_m16.jpg
data/images/03_10_2020_1/output_0011/i0000053_s12_m16.jpg
data/images/03_10_2020_1/output_0000/i0000490_s12_m16.jpg
data/images/03_09_2020_1/output_0019/i0000671_s12_m17.jpg
data/images/03_09_2020_1/output_0038/i0000402_s12_m16.jpg
data/images/03_09_2020_1/output_0041/i0000667_s12_m17.jpg
data/images/03_06_2020_0/output_0011/i0001476_s12_m18.jpg
data/images/03_10_2020_1/output_0006/i0000539_s12_m16.jpg
data/images/03_10_2020_1/output_0015/i0000614_s12_m16.jpg
data/images/03_10_2020_1/output_0010/i0000650_s12_m16.jpg
data/images/03_09_2020_1/output_0038/i0000391_s12_m17.jpg
data/images/03_09_2020_1/output_0026/i0000393_s12_m17.jpg
data/images/03_10_2020_1/output_0015/i0000664_s12_m16.jpg
data/images/03_10_2020_1/output_0006/i0000094_s12_m16.jpg
data/images/03_10_2020_1/output_0014/i0000091_s12_m16.jpg
data/images/03_10_2020_1/output_0016/i0000212_s12_m17.jpg
data/images/03_10_2020_1/output_0012/i0000614_s12_m16.jpg
data/images/03_09_2020_1/output_0021/i0000566_s12_m17.jpg
data/images/03_10_2020_1/output_0008/i0000974_s12_m16.jpg
data/images/03_09_2020_1/output_0040/i0000139_s12_m17.jpg
data/images/03_09_2020_1/output_0040/i0000152_s12_m17.jpg
data/images/03_09_2020_1/output_0022/i0000576_s12_m16.jpg
data/images/03_10_2020_1/output_0010/i0000330_s12_m16.jpg
data/images/03_09_2020_1/output_0024/i0000648_s12_m17.jpg
data/images/03_09_2020_1/output_0030/i0000416_s12_m17.jpg
data/images/03_10_2020_1/output_0005/i0001069_s12_m16.jpg
data/images/03_09_2020_1/output_0038/i0000376_s12_m17.jpg
data/images/03_09_2020_1/output_0041/i0000137_s12_m17.jpg
data/images/03_10_2020_1/output_0003/i0000851_s12_m16.jpg
data/images/03_10_2020_1/output_0013/i0000518_s12_m16.jpg
data/images/03_10_2020_1/output_0003/i0000430_s12_m16.jpg
data/images/03_10_2020_1/output_0009/i0000134_s12_m15.jpg
data/images/03_10_2020_1/output_0015/i0000665_s12_m16.jpg
data/images/03_09_2020_1/output_0032/i0000341_s12_m17.jpg
data/images/03_09_2020_1/output_0017/i0000195_s12_m15.jpg
data/images/03_10_2020_1/output_0015/i0000282_s12_m16.jpg
data/images/03_09_2020_1/output_0024/i0000277_s12_m17.jpg
data/images/03_09_2020_1/output_0031/i0000643_s12_m16.jpg
data/images/03_09_2020_1/output_0042/i0000701_s12_m16.jpg
data/images/03_10_2020_1/output_0006/i0000819_s12_m16.jpg
data/images/03_09_2020_1/output_0032/i0000818_s12_m17.jpg
data/images/03_09_2020_1/output_0031/i0000436_s12_m17.jpg
data/images/03_06_2020_0/output_0011/i0000041_s12_m17.jpg
data/images/03_10_2020_1/output_0004/i0000939_s12_m16.jpg
data/images/03_10_2020_1/output_0008/i0000675_s12_m15.jpg
data/images/03_09_2020_1/output_0043/i0000376_s12_m17.jpg
data/images/03_10_2020_1/output_0006/i0000172_s12_m16.jpg
data/images/03_09_2020_1/output_0033/i0000563_s12_m16.jpg
data/images/03_09_2020_1/output_0043/i0000603_s12_m17.jpg
data/images/03_10_2020_1/output_0010/i0000815_s12_m16.jpg
data/images/03_10_2020_1/output_0008/i0000696_s12_m16.jpg
data/images/03_09_2020_1/output_0020/i0000576_s12_m17.jpg
data/images/03_09_2020_1/output_0029/i0000688_s12_m16.jpg
data/images/03_09_2020_1/output_0035/i0000109_s12_m17.jpg
data/images/03_10_2020_1/output_0006/i0000200_s12_m16.jpg
data/images/03_10_2020_1/output_0011/i0000999_s12_m16.jpg
data/images/03_09_2020_1/output_0022/i0000178_s12_m16.jpg
data/images/03_10_2020_1/output_0008/i0000553_s12_m15.jpg
data/images/03_09_2020_1/output_0043/i0000319_s12_m17.jpg
data/images/03_10_2020_1/output_0009/i0000915_s12_m16.jpg
data/images/03_10_2020_1/output_0012/i0000213_s12_m16.jpg
data/images/03_09_2020_1/output_0030/i0000697_s12_m17.jpg
data/images/03_09_2020_1/output_0040/i0000515_s12_m17.jpg
data/images/03_06_2020_0/output_0011/i0000558_s12_m17.jpg
data/images/03_10_2020_1/output_0013/i0000094_s12_m16.jpg
data/images/03_06_2020_0/output_0009/i0000921_s12_m17.jpg
data/images/03_09_2020_1/output_0039/i0000141_s12_m16.jpg
data/images/03_10_2020_1/output_0000/i0000384_s12_m16.jpg
data/images/03_09_2020_1/output_0040/i0000560_s12_m17.jpg
data/images/03_06_2020_0/output_0008/i0000941_s12_m16.jpg
data/images/03_10_2020_1/output_0009/i0000357_s12_m16.jpg
data/images/03_09_2020_1/output_0026/i0000608_s12_m17.jpg
data/images/03_06_2020_0/output_0004/i0000803_s12_m16.jpg
data/images/03_09_2020_1/output_0041/i0000641_s12_m16.jpg
data/images/03_09_2020_1/output_0030/i0000490_s12_m17.jpg
data/images/03_10_2020_1/output_0009/i0000422_s12_m16.jpg
data/images/03_06_2020_0/output_0011/i0000344_s12_m17.jpg
data/images/03_06_2020_0/output_0008/i0000711_s12_m16.jpg
data/images/03_10_2020_1/output_0011/i0000216_s12_m16.jpg
data/images/03_10_2020_1/output_0005/i0001025_s12_m16.jpg
data/images/03_09_2020_1/output_0026/i0000087_s12_m16.jpg
data/images/03_09_2020_1/output_0030/i0000933_s12_m17.jpg
data/images/03_06_2020_0/output_0004/i0000980_s12_m16.jpg
data/images/03_09_2020_1/output_0043/i0000116_s12_m17.jpg
data/images/03_09_2020_1/output_0041/i0000256_s12_m17.jpg
data/images/03_09_2020_1/output_0030/i0000413_s12_m17.jpg
data/images/03_09_2020_1/output_0029/i0000359_s12_m16.jpg
data/images/03_10_2020_1/output_0009/i0000971_s12_m16.jpg
data/images/03_10_2020_1/output_0011/i0000516_s12_m16.jpg
data/images/03_10_2020_1/output_0014/i0000679_s12_m16.jpg
data/images/03_10_2020_1/output_0004/i0000638_s12_m16.jpg
data/images/03_10_2020_1/output_0001/i0000333_s12_m16.jpg
data/images/03_09_2020_1/output_0021/i0000400_s12_m17.jpg
data/images/03_10_2020_1/output_0006/i0000641_s12_m16.jpg
data/images/03_10_2020_1/output_0014/i0000356_s12_m16.jpg
data/images/03_09_2020_1/output_0043/i0000149_s12_m16.jpg
data/images/03_09_2020_1/output_0020/i0000498_s12_m17.jpg
data/images/03_10_2020_1/output_0014/i0000218_s12_m16.jpg
data/images/03_09_2020_1/output_0042/i0000283_s12_m17.jpg
data/images/03_10_2020_1/output_0013/i0000119_s12_m16.jpg
data/images/03_09_2020_1/output_0035/i0000172_s12_m17.jpg
data/images/03_10_2020_1/output_0015/i0000935_s12_m17.jpg
data/images/03_10_2020_1/output_0004/i0000598_s12_m15.jpg
data/images/03_09_2020_1/output_0019/i0000239_s12_m17.jpg
data/images/03_06_2020_0/output_0008/i0000787_s12_m16.jpg
data/images/03_09_2020_1/output_0018/i0000488_s12_m17.jpg
data/images/03_10_2020_1/output_0013/i0000622_s12_m16.jpg
data/images/03_09_2020_1/output_0041/i0000788_s12_m17.jpg
data/images/03_10_2020_1/output_0008/i0000491_s12_m16.jpg
data/images/03_06_2020_0/output_0011/i0001411_s12_m18.jpg
data/images/03_09_2020_1/output_0013/i0000027_s12_m16.jpg
data/images/03_10_2020_1/output_0006/i0000118_s12_m16.jpg
data/images/03_06_2020_0/output_0004/i0001176_s12_m16.jpg
data/images/03_09_2020_1/output_0024/i0000549_s12_m17.jpg
data/images/03_09_2020_1/output_0024/i0000284_s12_m17.jpg
data/images/03_10_2020_1/output_0011/i0000704_s12_m16.jpg
data/images/03_09_2020_1/output_0032/i0000769_s12_m17.jpg
data/images/03_09_2020_1/output_0038/i0000123_s12_m16.jpg
data/images/03_10_2020_1/output_0015/i0000397_s12_m16.jpg
data/images/03_10_2020_1/output_0011/i0000857_s12_m16.jpg
data/images/03_06_2020_0/output_0006/i0000147_s12_m16.jpg
data/images/03_09_2020_1/output_0041/i0000246_s12_m17.jpg
data/images/03_09_2020_1/output_0023/i0000304_s12_m16.jpg
data/images/03_09_2020_1/output_0043/i0000677_s12_m17.jpg
data/images/03_09_2020_1/output_0030/i0000062_s12_m17.jpg
data/images/03_10_2020_1/output_0016/i0000065_s12_m17.jpg
data/images/03_09_2020_1/output_0027/i0000236_s12_m18.jpg
data/images/03_10_2020_1/output_0005/i0000688_s12_m16.jpg
data/images/03_09_2020_1/output_0033/i0000114_s12_m16.jpg
data/images/03_06_2020_0/output_0004/i0001412_s12_m16.jpg
data/images/03_09_2020_1/output_0023/i0000105_s12_m16.jpg
data/images/03_09_2020_1/output_0043/i0000578_s12_m17.jpg
data/images/03_06_2020_0/output_0009/i0001349_s12_m17.jpg
data/images/03_10_2020_1/output_0012/i0000677_s12_m16.jpg
data/images/03_10_2020_1/output_0005/i0000524_s12_m16.jpg
data/images/03_09_2020_1/output_0033/i0000319_s12_m16.jpg
data/images/03_09_2020_1/output_0014/i0000510_s12_m16.jpg
data/images/03_09_2020_1/output_0019/i0000446_s12_m17.jpg
data/images/03_10_2020_1/output_0007/i0000466_s12_m16.jpg
data/images/03_10_2020_1/output_0011/i0000829_s12_m16.jpg
data/images/03_10_2020_1/output_0006/i0000215_s12_m16.jpg
data/images/03_09_2020_1/output_0018/i0000388_s12_m16.jpg
data/images/03_09_2020_1/output_0043/i0000341_s12_m17.jpg
data/images/03_09_2020_1/output_0036/i0000435_s12_m16.jpg
data/images/03_09_2020_1/output_0019/i0000530_s12_m17.jpg
data/images/03_10_2020_1/output_0005/i0000953_s12_m16.jpg
data/images/03_09_2020_1/output_0018/i0000160_s12_m16.jpg
data/images/03_06_2020_0/output_0006/i0000546_s12_m17.jpg
data/images/03_09_2020_1/output_0026/i0000135_s12_m17.jpg
data/images/03_10_2020_1/output_0010/i0000458_s12_m16.jpg
data/images/03_10_2020_1/output_0008/i0000510_s12_m16.jpg
data/images/03_10_2020_1/output_0012/i0000692_s12_m16.jpg
data/images/03_10_2020_1/output_0004/i0000142_s12_m15.jpg
data/images/03_06_2020_0/output_0006/i0000387_s12_m16.jpg
data/images/03_10_2020_1/output_0000/i0000719_s12_m16.jpg
data/images/03_09_2020_1/output_0021/i0000248_s12_m17.jpg
data/images/03_09_2020_1/output_0024/i0000317_s12_m17.jpg
data/images/03_09_2020_1/output_0036/i0000079_s12_m17.jpg
data/images/03_10_2020_1/output_0016/i0000048_s12_m18.jpg
data/images/03_10_2020_1/output_0012/i0000364_s12_m16.jpg
data/images/03_10_2020_1/output_0008/i0001032_s12_m16.jpg
data/images/03_10_2020_1/output_0005/i0000314_s12_m16.jpg
data/images/03_09_2020_1/output_0026/i0000287_s12_m16.jpg
data/images/03_09_2020_1/output_0022/i0000549_s12_m16.jpg
data/images/03_06_2020_0/output_0008/i0000150_s12_m16.jpg
data/images/03_06_2020_0/output_0004/i0000103_s12_m15.jpg
data/images/03_09_2020_1/output_0019/i0000587_s12_m17.jpg
data/images/03_06_2020_0/output_0011/i0001465_s12_m18.jpg
data/images/03_09_2020_1/output_0020/i0000435_s12_m17.jpg
data/images/03_10_2020_1/output_0010/i0000387_s12_m16.jpg
data/images/03_09_2020_1/output_0040/i0000445_s12_m16.jpg
data/images/03_09_2020_1/output_0041/i0000083_s12_m17.jpg
data/images/03_09_2020_1/output_0033/i0000296_s12_m16.jpg
data/images/03_09_2020_1/output_0031/i0000376_s12_m17.jpg
data/images/03_09_2020_1/output_0021/i0000409_s12_m17.jpg
data/images/03_10_2020_1/output_0003/i0000202_s12_m16.jpg
data/images/03_09_2020_1/output_0040/i0000596_s12_m17.jpg
data/images/03_10_2020_1/output_0005/i0000642_s12_m16.jpg
data/images/03_09_2020_1/output_0033/i0000116_s12_m16.jpg
data/images/03_09_2020_1/output_0037/i0000449_s12_m17.jpg
data/images/03_06_2020_0/output_0004/i0000382_s12_m16.jpg
data/images/03_10_2020_1/output_0012/i0000540_s12_m16.jpg
data/images/03_10_2020_1/output_0007/i0000813_s12_m16.jpg
data/images/03_09_2020_1/output_0040/i0000059_s12_m16.jpg
data/images/03_09_2020_1/output_0041/i0000720_s12_m16.jpg
data/images/03_09_2020_1/output_0036/i0000633_s12_m16.jpg
data/images/03_10_2020_1/output_0008/i0000410_s12_m16.jpg
data/images/03_09_2020_1/output_0022/i0000061_s12_m16.jpg
data/images/03_09_2020_1/output_0031/i0000483_s12_m16.jpg
data/images/03_06_2020_0/output_0008/i0000423_s12_m17.jpg
data/images/03_06_2020_0/output_0011/i0000697_s12_m17.jpg
data/images/03_09_2020_1/output_0041/i0000591_s12_m17.jpg
data/images/03_09_2020_1/output_0041/i0000424_s12_m17.jpg
data/images/03_06_2020_0/output_0011/i0001131_s12_m17.jpg
data/images/03_09_2020_1/output_0024/i0000178_s12_m17.jpg
data/images/03_09_2020_1/output_0026/i0000204_s12_m16.jpg
data/images/03_09_2020_1/output_0020/i0000661_s12_m17.jpg
data/images/03_09_2020_1/output_0031/i0000264_s12_m17.jpg
data/images/03_06_2020_0/output_0011/i0000199_s12_m17.jpg
data/images/03_10_2020_1/output_0006/i0000759_s12_m16.jpg
data/images/03_06_2020_0/output_0011/i0001385_s12_m18.jpg
data/images/03_10_2020_1/output_0004/i0000500_s12_m16.jpg
data/images/03_09_2020_1/output_0038/i0000542_s12_m17.jpg
data/images/03_06_2020_0/output_0006/i0000926_s12_m16.jpg
data/images/03_09_2020_1/output_0029/i0000764_s12_m17.jpg
data/images/03_06_2020_0/output_0011/i0000643_s12_m17.jpg
data/images/03_09_2020_1/output_0022/i0000451_s12_m17.jpg
data/images/03_09_2020_1/output_0032/i0000130_s12_m16.jpg
data/images/03_06_2020_0/output_0011/i0000885_s12_m17.jpg
data/images/03_10_2020_1/output_0013/i0000320_s12_m16.jpg
data/images/03_10_2020_1/output_0016/i0000188_s12_m17.jpg
data/images/03_10_2020_1/output_0008/i0001052_s12_m16.jpg
data/images/03_09_2020_1/output_0015/i0000119_s12_m16.jpg
data/images/03_10_2020_1/output_0012/i0000855_s12_m16.jpg
data/images/03_09_2020_1/output_0041/i0000494_s12_m17.jpg
data/images/03_06_2020_0/output_0004/i0001407_s12_m16.jpg
data/images/03_06_2020_0/output_0006/i0001244_s12_m16.jpg
data/images/03_10_2020_1/output_0011/i0000798_s12_m16.jpg
data/images/03_09_2020_1/output_0021/i0000176_s12_m16.jpg
data/images/03_09_2020_1/output_0032/i0000868_s12_m17.jpg
data/images/03_09_2020_1/output_0020/i0000649_s12_m17.jpg
data/images/03_09_2020_1/output_0042/i0000627_s12_m16.jpg
data/images/03_09_2020_1/output_0038/i0000231_s12_m16.jpg
data/images/03_09_2020_1/output_0036/i0000389_s12_m16.jpg
data/images/03_10_2020_1/output_0004/i0001008_s12_m16.jpg
data/images/03_09_2020_1/output_0037/i0000156_s12_m16.jpg
data/images/03_10_2020_1/output_0016/i0000163_s12_m17.jpg
data/images/03_10_2020_1/output_0008/i0000674_s12_m15.jpg
data/images/03_09_2020_1/output_0036/i0000234_s12_m17.jpg
data/images/03_10_2020_1/output_0006/i0000553_s12_m16.jpg
data/images/03_10_2020_1/output_0007/i0000738_s12_m16.jpg
data/images/03_09_2020_1/output_0020/i0000457_s12_m17.jpg
data/images/03_10_2020_1/output_0013/i0000544_s12_m16.jpg
data/images/03_10_2020_1/output_0010/i0000601_s12_m16.jpg
data/images/03_09_2020_1/output_0034/i0000359_s12_m16.jpg
data/images/03_09_2020_1/output_0040/i0000230_s12_m17.jpg
data/images/03_09_2020_1/output_0032/i0000349_s12_m17.jpg
data/images/03_09_2020_1/output_0030/i0000673_s12_m16.jpg
data/images/03_10_2020_1/output_0012/i0000547_s12_m16.jpg
data/images/03_09_2020_1/output_0031/i0000867_s12_m16.jpg
data/images/03_09_2020_1/output_0026/i0000428_s12_m17.jpg
data/images/03_06_2020_0/output_0004/i0001029_s12_m16.jpg
data/images/03_09_2020_1/output_0043/i0000601_s12_m17.jpg
data/images/03_09_2020_1/output_0033/i0000742_s12_m16.jpg
data/images/03_10_2020_1/output_0015/i0000774_s12_m16.jpg
data/images/03_06_2020_0/output_0008/i0001077_s12_m17.jpg
data/images/03_06_2020_0/output_0011/i0000984_s12_m16.jpg
data/images/03_10_2020_1/output_0015/i0000335_s12_m16.jpg
data/images/03_10_2020_1/output_0007/i0000046_s12_m16.jpg
data/images/03_10_2020_1/output_0010/i0000612_s12_m16.jpg
data/images/03_10_2020_1/output_0003/i0000221_s12_m16.jpg
data/images/03_10_2020_1/output_0008/i0000488_s12_m16.jpg
data/images/03_06_2020_0/output_0008/i0000262_s12_m17.jpg
data/images/03_10_2020_1/output_0001/i0000368_s12_m16.jpg
data/images/03_09_2020_1/output_0017/i0000110_s12_m15.jpg
data/images/03_06_2020_0/output_0011/i0000225_s12_m16.jpg
data/images/03_09_2020_1/output_0043/i0000649_s12_m17.jpg
data/images/03_10_2020_1/output_0007/i0000534_s12_m16.jpg
data/images/03_10_2020_1/output_0012/i0000499_s12_m16.jpg
data/images/03_09_2020_1/output_0016/i0000556_s12_m15.jpg
data/images/03_09_2020_1/output_0037/i0000746_s12_m17.jpg
data/images/03_09_2020_1/output_0036/i0000074_s12_m17.jpg
data/images/03_09_2020_1/output_0018/i0000190_s12_m16.jpg
data/images/03_10_2020_1/output_0016/i0000250_s12_m18.jpg
data/images/03_09_2020_1/output_0033/i0000195_s12_m16.jpg
data/images/03_10_2020_1/output_0015/i0000727_s12_m16.jpg
data/images/03_10_2020_1/output_0014/i0000691_s12_m16.jpg
data/images/03_09_2020_1/output_0013/i0000078_s12_m17.jpg
data/images/03_09_2020_1/output_0038/i0000342_s12_m17.jpg
data/images/03_06_2020_0/output_0006/i0000695_s12_m17.jpg
data/images/03_10_2020_1/output_0011/i0000045_s12_m16.jpg
data/images/03_09_2020_1/output_0026/i0000601_s12_m17.jpg
data/images/03_10_2020_1/output_0004/i0000888_s12_m15.jpg
data/images/03_09_2020_1/output_0044/i0000250_s12_m18.jpg
data/images/03_09_2020_1/output_0041/i0000322_s12_m17.jpg
data/images/03_09_2020_1/output_0021/i0000630_s12_m17.jpg
data/images/03_10_2020_1/output_0002/i0000298_s12_m16.jpg
data/images/03_09_2020_1/output_0023/i0000418_s12_m16.jpg
data/images/03_09_2020_1/output_0031/i0000614_s12_m16.jpg
data/images/03_10_2020_1/output_0013/i0000021_s12_m16.jpg
data/images/03_10_2020_1/output_0014/i0000863_s12_m16.jpg
data/images/03_10_2020_1/output_0004/i0001082_s12_m16.jpg
data/images/03_10_2020_1/output_0012/i0000562_s12_m16.jpg
data/images/03_10_2020_1/output_0006/i0000713_s12_m16.jpg
data/images/03_09_2020_1/output_0038/i0000291_s12_m17.jpg
data/images/03_09_2020_1/output_0021/i0000025_s12_m15.jpg
data/images/03_06_2020_0/output_0009/i0000835_s12_m17.jpg
data/images/03_09_2020_1/output_0024/i0000548_s12_m17.jpg
data/images/03_09_2020_1/output_0019/i0000170_s12_m16.jpg
data/images/03_06_2020_0/output_0006/i0000386_s12_m16.jpg
data/images/03_10_2020_1/output_0006/i0000056_s12_m16.jpg
data/images/03_09_2020_1/output_0040/i0000694_s12_m17.jpg
data/images/03_10_2020_1/output_0003/i0000230_s12_m16.jpg
data/images/03_09_2020_1/output_0037/i0000168_s12_m16.jpg
data/images/03_09_2020_1/output_0019/i0000489_s12_m17.jpg
data/images/03_09_2020_1/output_0038/i0000408_s12_m16.jpg
data/images/03_10_2020_1/output_0016/i0000329_s12_m18.jpg
data/images/03_09_2020_1/output_0037/i0000547_s12_m17.jpg
data/images/03_10_2020_1/output_0006/i0000806_s12_m16.jpg
data/images/03_10_2020_1/output_0013/i0000353_s12_m16.jpg
data/images/03_09_2020_1/output_0032/i0000562_s12_m16.jpg
data/images/03_09_2020_1/output_0033/i0000300_s12_m16.jpg
data/images/03_09_2020_1/output_0030/i0000838_s12_m17.jpg
data/images/03_09_2020_1/output_0020/i0000660_s12_m17.jpg
data/images/03_09_2020_1/output_0038/i0000163_s12_m16.jpg
data/images/03_10_2020_1/output_0016/i0000292_s12_m18.jpg
data/images/03_09_2020_1/output_0014/i0000472_s12_m17.jpg
data/images/03_10_2020_1/output_0015/i0000636_s12_m16.jpg
data/images/03_10_2020_1/output_0013/i0000803_s12_m16.jpg
data/images/03_10_2020_1/output_0008/i0000015_s12_m16.jpg
data/images/03_06_2020_0/output_0006/i0000209_s12_m16.jpg
data/images/03_10_2020_1/output_0012/i0000624_s12_m16.jpg
data/images/03_09_2020_1/output_0024/i0000520_s12_m17.jpg
data/images/03_10_2020_1/output_0013/i0000850_s12_m16.jpg
data/images/03_10_2020_1/output_0010/i0000841_s12_m16.jpg
data/images/03_09_2020_1/output_0026/i0000297_s12_m17.jpg
data/images/03_09_2020_1/output_0031/i0000154_s12_m16.jpg
data/images/03_09_2020_1/output_0013/i0000439_s12_m16.jpg
data/images/03_10_2020_1/output_0012/i0000027_s12_m16.jpg
data/images/03_10_2020_1/output_0000/i0000448_s12_m16.jpg
data/images/03_09_2020_1/output_0032/i0000329_s12_m17.jpg
data/images/03_10_2020_1/output_0009/i0000180_s12_m16.jpg
data/images/03_06_2020_0/output_0008/i0000062_s12_m17.jpg
data/images/03_10_2020_1/output_0004/i0000453_s12_m16.jpg
data/images/03_10_2020_1/output_0013/i0000617_s12_m16.jpg
data/images/03_10_2020_1/output_0000/i0000459_s12_m16.jpg
data/images/03_06_2020_0/output_0011/i0000994_s12_m16.jpg
data/images/03_10_2020_1/output_0011/i0000850_s12_m16.jpg
data/images/03_10_2020_1/output_0010/i0000625_s12_m16.jpg
data/images/03_10_2020_1/output_0014/i0000834_s12_m16.jpg
data/images/03_06_2020_0/output_0004/i0000335_s12_m16.jpg
data/images/03_09_2020_1/output_0018/i0000529_s12_m17.jpg
data/images/03_09_2020_1/output_0037/i0000789_s12_m16.jpg
data/images/03_09_2020_1/output_0043/i0000182_s12_m17.jpg
data/images/03_09_2020_1/output_0034/i0000143_s12_m16.jpg
data/images/03_09_2020_1/output_0023/i0000431_s12_m16.jpg
data/images/03_09_2020_1/output_0042/i0000721_s12_m17.jpg
data/images/03_09_2020_1/output_0042/i0000349_s12_m17.jpg
data/images/03_09_2020_1/output_0030/i0000284_s12_m17.jpg
data/images/03_10_2020_1/output_0001/i0000217_s12_m16.jpg
data/images/03_09_2020_1/output_0043/i0000162_s12_m17.jpg
data/images/03_09_2020_1/output_0036/i0000576_s12_m17.jpg
data/images/03_10_2020_1/output_0009/i0000680_s12_m16.jpg
data/images/03_09_2020_1/output_0017/i0000075_s12_m17.jpg
data/images/03_10_2020_1/output_0004/i0000600_s12_m15.jpg
data/images/03_10_2020_1/output_0008/i0000703_s12_m16.jpg
data/images/03_09_2020_1/output_0029/i0000401_s12_m16.jpg
data/images/03_06_2020_0/output_0009/i0000326_s12_m16.jpg
data/images/03_09_2020_1/output_0035/i0000568_s12_m16.jpg
data/images/03_09_2020_1/output_0021/i0000272_s12_m17.jpg
data/images/03_09_2020_1/output_0037/i0000157_s12_m16.jpg
data/images/03_09_2020_1/output_0032/i0000824_s12_m17.jpg
data/images/03_10_2020_1/output_0009/i0000304_s12_m16.jpg
data/images/03_10_2020_1/output_0000/i0000116_s12_m15.jpg
data/images/03_06_2020_0/output_0004/i0000116_s12_m17.jpg
data/images/03_09_2020_1/output_0026/i0000203_s12_m16.jpg
data/images/03_10_2020_1/output_0004/i0000403_s12_m16.jpg
data/images/03_09_2020_1/output_0024/i0000622_s12_m17.jpg
data/images/03_10_2020_1/output_0016/i0000164_s12_m17.jpg
data/images/03_09_2020_1/output_0018/i0000306_s12_m16.jpg
data/images/03_09_2020_1/output_0021/i0000265_s12_m17.jpg
data/images/03_09_2020_1/output_0034/i0000230_s12_m16.jpg
data/images/03_06_2020_0/output_0011/i0000640_s12_m17.jpg
data/images/03_09_2020_1/output_0037/i0000748_s12_m17.jpg
data/images/03_10_2020_1/output_0006/i0000586_s12_m16.jpg
data/images/03_06_2020_0/output_0008/i0000221_s12_m17.jpg
data/images/03_09_2020_1/output_0039/i0000212_s12_m17.jpg
data/images/03_10_2020_1/output_0014/i0000412_s12_m16.jpg
data/images/03_10_2020_1/output_0007/i0000537_s12_m16.jpg
data/images/03_09_2020_1/output_0027/i0000102_s12_m18.jpg
data/images/03_09_2020_1/output_0039/i0000165_s12_m16.jpg
data/images/03_09_2020_1/output_0032/i0000803_s12_m17.jpg
data/images/03_10_2020_1/output_0011/i0000280_s12_m16.jpg
data/images/03_09_2020_1/output_0029/i0000672_s12_m16.jpg
data/images/03_09_2020_1/output_0041/i0000507_s12_m17.jpg
data/images/03_06_2020_0/output_0011/i0000223_s12_m16.jpg
data/images/03_10_2020_1/output_0006/i0000420_s12_m16.jpg
data/images/03_10_2020_1/output_0013/i0000840_s12_m16.jpg
data/images/03_10_2020_1/output_0016/i0000352_s12_m18.jpg
data/images/03_06_2020_0/output_0004/i0000554_s12_m16.jpg
data/images/03_10_2020_1/output_0014/i0000512_s12_m16.jpg
data/images/03_10_2020_1/output_0011/i0000847_s12_m16.jpg
data/images/03_10_2020_1/output_0006/i0000197_s12_m16.jpg
data/images/03_06_2020_0/output_0004/i0001280_s12_m16.jpg
data/images/03_09_2020_1/output_0036/i0000697_s12_m17.jpg
data/images/03_06_2020_0/output_0006/i0001201_s12_m17.jpg
data/images/03_09_2020_1/output_0040/i0000247_s12_m17.jpg
data/images/03_06_2020_0/output_0006/i0001252_s12_m17.jpg
data/images/03_09_2020_1/output_0032/i0000496_s12_m17.jpg
data/images/03_10_2020_1/output_0016/i0000281_s12_m18.jpg
data/images/03_10_2020_1/output_0016/i0000269_s12_m18.jpg
data/images/03_10_2020_1/output_0015/i0000473_s12_m16.jpg
data/images/03_09_2020_1/output_0033/i0000676_s12_m16.jpg
data/images/03_09_2020_1/output_0035/i0000121_s12_m16.jpg
data/images/03_09_2020_1/output_0027/i0000050_s12_m18.jpg
data/images/03_10_2020_1/output_0004/i0000412_s12_m16.jpg
data/images/03_09_2020_1/output_0017/i0000285_s12_m17.jpg
data/images/03_06_2020_0/output_0011/i0001484_s12_m19.jpg
data/images/03_10_2020_1/output_0002/i0000103_s12_m16.jpg
data/images/03_10_2020_1/output_0001/i0000128_s12_m16.jpg
data/images/03_09_2020_1/output_0030/i0000436_s12_m17.jpg
data/images/03_09_2020_1/output_0013/i0000576_s12_m16.jpg
data/images/03_06_2020_0/output_0004/i0000862_s12_m16.jpg
data/images/03_09_2020_1/output_0039/i0000153_s12_m17.jpg
data/images/03_09_2020_1/output_0040/i0000233_s12_m17.jpg
data/images/03_10_2020_1/output_0014/i0000310_s12_m16.jpg
data/images/03_06_2020_0/output_0006/i0000494_s12_m16.jpg
data/images/03_09_2020_1/output_0024/i0000359_s12_m17.jpg
data/images/03_09_2020_1/output_0040/i0000645_s12_m17.jpg
data/images/03_09_2020_1/output_0033/i0000364_s12_m16.jpg
data/images/03_10_2020_1/output_0010/i0000472_s12_m16.jpg
data/images/03_06_2020_0/output_0006/i0000862_s12_m17.jpg
data/images/03_09_2020_1/output_0030/i0000331_s12_m17.jpg
data/images/03_09_2020_1/output_0032/i0000275_s12_m17.jpg
data/images/03_09_2020_1/output_0039/i0000575_s12_m17.jpg
data/images/03_09_2020_1/output_0023/i0000025_s12_m16.jpg
data/images/03_09_2020_1/output_0038/i0000304_s12_m17.jpg
data/images/03_09_2020_1/output_0033/i0000755_s12_m16.jpg
data/images/03_09_2020_1/output_0020/i0000701_s12_m17.jpg
data/images/03_06_2020_0/output_0008/i0001503_s12_m16.jpg
data/images/03_09_2020_1/output_0033/i0000479_s12_m17.jpg
data/images/03_09_2020_1/output_0031/i0000623_s12_m16.jpg
data/images/03_09_2020_1/output_0030/i0000474_s12_m16.jpg
data/images/03_09_2020_1/output_0037/i0000328_s12_m17.jpg
data/images/03_09_2020_1/output_0030/i0000617_s12_m17.jpg
data/images/03_09_2020_1/output_0018/i0000108_s12_m17.jpg
data/images/03_10_2020_1/output_0015/i0000797_s12_m16.jpg
data/images/03_09_2020_1/output_0021/i0000390_s12_m17.jpg
data/images/03_09_2020_1/output_0043/i0000463_s12_m17.jpg
data/images/03_09_2020_1/output_0031/i0000243_s12_m17.jpg
data/images/03_09_2020_1/output_0026/i0000574_s12_m17.jpg
data/images/03_10_2020_1/output_0004/i0000780_s12_m16.jpg
data/images/03_09_2020_1/output_0042/i0000726_s12_m17.jpg
data/images/03_06_2020_0/output_0009/i0000599_s12_m17.jpg
data/images/03_09_2020_1/output_0024/i0000736_s12_m17.jpg
data/images/03_09_2020_1/output_0031/i0000220_s12_m17.jpg
data/images/03_10_2020_1/output_0006/i0000396_s12_m16.jpg
data/images/03_10_2020_1/output_0003/i0000871_s12_m16.jpg
data/images/03_09_2020_1/output_0035/i0000491_s12_m17.jpg
data/images/03_06_2020_0/output_0004/i0001302_s12_m16.jpg
data/images/03_09_2020_1/output_0039/i0000247_s12_m17.jpg
data/images/03_09_2020_1/output_0040/i0000206_s12_m16.jpg
data/images/03_09_2020_1/output_0023/i0000577_s12_m17.jpg
data/images/03_09_2020_1/output_0022/i0000318_s12_m17.jpg
data/images/03_10_2020_1/output_0006/i0000807_s12_m16.jpg
data/images/03_10_2020_1/output_0009/i0000914_s12_m16.jpg
data/images/03_10_2020_1/output_0007/i0000357_s12_m16.jpg
data/images/03_09_2020_1/output_0021/i0000373_s12_m17.jpg
data/images/03_10_2020_1/output_0013/i0000234_s12_m16.jpg
data/images/03_06_2020_0/output_0004/i0000496_s12_m17.jpg
data/images/03_06_2020_0/output_0011/i0001230_s12_m18.jpg
data/images/03_09_2020_1/output_0024/i0000243_s12_m16.jpg
data/images/03_10_2020_1/output_0012/i0000963_s12_m16.jpg
data/images/03_10_2020_1/output_0001/i0000091_s12_m16.jpg
data/images/03_06_2020_0/output_0006/i0001046_s12_m17.jpg
data/images/03_09_2020_1/output_0031/i0000644_s12_m16.jpg
data/images/03_09_2020_1/output_0013/i0000166_s12_m16.jpg
data/images/03_10_2020_1/output_0007/i0000626_s12_m16.jpg
data/images/03_10_2020_1/output_0006/i0000078_s12_m16.jpg
data/images/03_09_2020_1/output_0041/i0000144_s12_m17.jpg
data/images/03_09_2020_1/output_0038/i0000251_s12_m16.jpg
data/images/03_10_2020_1/output_0008/i0001036_s12_m16.jpg
data/images/03_10_2020_1/output_0007/i0000761_s12_m16.jpg
data/images/03_09_2020_1/output_0032/i0000700_s12_m17.jpg
data/images/03_09_2020_1/output_0040/i0000484_s12_m17.jpg
data/images/03_06_2020_0/output_0004/i0000915_s12_m16.jpg
data/images/03_09_2020_1/output_0043/i0000223_s12_m17.jpg
data/images/03_09_2020_1/output_0036/i0000214_s12_m17.jpg
data/images/03_09_2020_1/output_0043/i0000244_s12_m16.jpg
data/images/03_09_2020_1/output_0026/i0000388_s12_m17.jpg
data/images/03_10_2020_1/output_0015/i0000796_s12_m16.jpg
data/images/03_06_2020_0/output_0011/i0000473_s12_m17.jpg
data/images/03_09_2020_1/output_0020/i0000460_s12_m17.jpg
data/images/03_06_2020_0/output_0006/i0000337_s12_m16.jpg
data/images/03_09_2020_1/output_0029/i0000296_s12_m17.jpg
data/images/03_10_2020_1/output_0012/i0000941_s12_m16.jpg
data/images/03_10_2020_1/output_0004/i0000789_s12_m15.jpg
data/images/03_06_2020_0/output_0011/i0001073_s12_m17.jpg
data/images/03_09_2020_1/output_0024/i0000649_s12_m17.jpg
data/images/03_09_2020_1/output_0033/i0000163_s12_m16.jpg
data/images/03_09_2020_1/output_0033/i0000591_s12_m16.jpg
data/images/03_10_2020_1/output_0003/i0000873_s12_m16.jpg
data/images/03_10_2020_1/output_0010/i0000471_s12_m16.jpg
data/images/03_10_2020_1/output_0015/i0000262_s12_m16.jpg
data/images/03_10_2020_1/output_0008/i0000830_s12_m16.jpg
data/images/03_10_2020_1/output_0014/i0000696_s12_m16.jpg
data/images/03_09_2020_1/output_0026/i0000309_s12_m17.jpg
data/images/03_09_2020_1/output_0032/i0000831_s12_m17.jpg
data/images/03_09_2020_1/output_0019/i0000563_s12_m17.jpg
data/images/03_09_2020_1/output_0016/i0000075_s12_m17.jpg
data/images/03_09_2020_1/output_0042/i0000481_s12_m16.jpg
data/images/03_06_2020_0/output_0004/i0000863_s12_m16.jpg
data/images/03_09_2020_1/output_0018/i0000684_s12_m16.jpg
data/images/03_10_2020_1/output_0005/i0001070_s12_m16.jpg
data/images/03_09_2020_1/output_0040/i0000098_s12_m16.jpg
data/images/03_10_2020_1/output_0013/i0000457_s12_m16.jpg
data/images/03_10_2020_1/output_0009/i0000133_s12_m15.jpg
data/images/03_10_2020_1/output_0012/i0000937_s12_m16.jpg
data/images/03_10_2020_1/output_0003/i0000410_s12_m16.jpg
data/images/03_09_2020_1/output_0039/i0000097_s12_m16.jpg
data/images/03_09_2020_1/output_0021/i0000180_s12_m17.jpg
data/images/03_10_2020_1/output_0009/i0000200_s12_m16.jpg
data/images/03_09_2020_1/output_0019/i0000714_s12_m15.jpg
data/images/03_09_2020_1/output_0033/i0000395_s12_m16.jpg
data/images/03_10_2020_1/output_0000/i0000431_s12_m16.jpg
data/images/03_09_2020_1/output_0019/i0000308_s12_m17.jpg
data/images/03_06_2020_0/output_0006/i0000146_s12_m16.jpg
data/images/03_06_2020_0/output_0011/i0000781_s12_m17.jpg
data/images/03_09_2020_1/output_0031/i0000085_s12_m16.jpg
data/images/03_06_2020_0/output_0008/i0000350_s12_m16.jpg
data/images/03_10_2020_1/output_0016/i0000112_s12_m18.jpg
data/images/03_09_2020_1/output_0021/i0000218_s12_m16.jpg
data/images/03_09_2020_1/output_0030/i0000899_s12_m17.jpg
data/images/03_09_2020_1/output_0013/i0000444_s12_m16.jpg
data/images/03_09_2020_1/output_0026/i0000496_s12_m17.jpg
data/images/03_10_2020_1/output_0015/i0000612_s12_m16.jpg
data/images/03_09_2020_1/output_0032/i0000470_s12_m17.jpg
data/images/03_06_2020_0/output_0004/i0000931_s12_m16.jpg
data/images/03_09_2020_1/output_0041/i0000321_s12_m17.jpg
data/images/03_06_2020_0/output_0004/i0000987_s12_m16.jpg
data/images/03_09_2020_1/output_0027/i0000030_s12_m18.jpg
data/images/03_10_2020_1/output_0010/i0000816_s12_m16.jpg
data/images/03_10_2020_1/output_0014/i0000363_s12_m16.jpg
data/images/03_10_2020_1/output_0014/i0000262_s12_m16.jpg
data/images/03_09_2020_1/output_0030/i0000682_s12_m16.jpg
data/images/03_06_2020_0/output_0011/i0000986_s12_m16.jpg
data/images/03_09_2020_1/output_0022/i0000269_s12_m17.jpg
data/images/03_10_2020_1/output_0000/i0000483_s12_m16.jpg
data/images/03_06_2020_0/output_0008/i0000883_s12_m17.jpg
data/images/03_09_2020_1/output_0018/i0000305_s12_m16.jpg
data/images/03_09_2020_1/output_0041/i0000644_s12_m16.jpg
data/images/03_10_2020_1/output_0006/i0000653_s12_m16.jpg
data/images/03_09_2020_1/output_0022/i0000444_s12_m17.jpg
data/images/03_09_2020_1/output_0037/i0000296_s12_m17.jpg
data/images/03_09_2020_1/output_0036/i0000058_s12_m17.jpg
data/images/03_10_2020_1/output_0009/i0000586_s12_m16.jpg
data/images/03_06_2020_0/output_0011/i0000767_s12_m17.jpg
data/images/03_10_2020_1/output_0005/i0001075_s12_m16.jpg
data/images/03_09_2020_1/output_0039/i0000481_s12_m17.jpg
data/images/03_10_2020_1/output_0004/i0000204_s12_m16.jpg
data/images/03_06_2020_0/output_0011/i0000648_s12_m17.jpg
data/images/03_06_2020_0/output_0011/i0001435_s12_m18.jpg
data/images/03_09_2020_1/output_0037/i0000509_s12_m16.jpg
data/images/03_09_2020_1/output_0013/i0000470_s12_m17.jpg
data/images/03_09_2020_1/output_0031/i0000851_s12_m17.jpg
data/images/03_10_2020_1/output_0015/i0000516_s12_m16.jpg
data/images/03_09_2020_1/output_0039/i0000202_s12_m16.jpg
data/images/03_09_2020_1/output_0019/i0000245_s12_m16.jpg
data/images/03_10_2020_1/output_0011/i0000982_s12_m16.jpg
data/images/03_09_2020_1/output_0040/i0000377_s12_m16.jpg
data/images/03_09_2020_1/output_0041/i0000177_s12_m17.jpg
data/images/03_09_2020_1/output_0043/i0000034_s12_m17.jpg
data/images/03_09_2020_1/output_0032/i0000222_s12_m16.jpg
data/images/03_09_2020_1/output_0031/i0000668_s12_m16.jpg
data/images/03_09_2020_1/output_0032/i0000221_s12_m16.jpg
data/images/03_06_2020_0/output_0006/i0000697_s12_m17.jpg
data/images/03_06_2020_0/output_0004/i0000114_s12_m16.jpg
data/images/03_09_2020_1/output_0043/i0000442_s12_m17.jpg
data/images/03_10_2020_1/output_0006/i0000107_s12_m16.jpg
data/images/03_06_2020_0/output_0008/i0000996_s12_m16.jpg
data/images/03_10_2020_1/output_0008/i0000331_s12_m16.jpg
data/images/03_09_2020_1/output_0030/i0000680_s12_m16.jpg
data/images/03_09_2020_1/output_0042/i0000804_s12_m17.jpg
data/images/03_09_2020_1/output_0022/i0000058_s12_m16.jpg
data/images/03_10_2020_1/output_0013/i0000889_s12_m16.jpg
data/images/03_09_2020_1/output_0019/i0000712_s12_m15.jpg
data/images/03_09_2020_1/output_0034/i0000486_s12_m17.jpg
data/images/03_10_2020_1/output_0015/i0000279_s12_m16.jpg
data/images/03_10_2020_1/output_0005/i0000650_s12_m16.jpg
data/images/03_06_2020_0/output_0008/i0001129_s12_m16.jpg
data/images/03_09_2020_1/output_0018/i0000277_s12_m17.jpg
data/images/03_10_2020_1/output_0003/i0000250_s12_m16.jpg
data/images/03_06_2020_0/output_0011/i0000288_s12_m17.jpg
data/images/03_10_2020_1/output_0015/i0000921_s12_m18.jpg
data/images/03_06_2020_0/output_0004/i0000804_s12_m16.jpg
data/images/03_10_2020_1/output_0010/i0000399_s12_m16.jpg
data/images/03_10_2020_1/output_0015/i0000852_s12_m16.jpg
data/images/03_06_2020_0/output_0004/i0000568_s12_m16.jpg
data/images/03_10_2020_1/output_0008/i0000471_s12_m16.jpg
data/images/03_09_2020_1/output_0031/i0000345_s12_m16.jpg
data/images/03_10_2020_1/output_0005/i0000529_s12_m16.jpg
data/images/03_10_2020_1/output_0013/i0000200_s12_m16.jpg
data/images/03_09_2020_1/output_0042/i0000106_s12_m16.jpg
data/images/03_06_2020_0/output_0008/i0000234_s12_m17.jpg
data/images/03_06_2020_0/output_0006/i0000521_s12_m17.jpg
data/images/03_06_2020_0/output_0008/i0001153_s12_m17.jpg
data/images/03_10_2020_1/output_0011/i0000019_s12_m16.jpg
data/images/03_09_2020_1/output_0032/i0000488_s12_m17.jpg
data/images/03_10_2020_1/output_0015/i0000613_s12_m16.jpg
data/images/03_09_2020_1/output_0041/i0000244_s12_m17.jpg
data/images/03_09_2020_1/output_0030/i0000861_s12_m17.jpg
data/images/03_10_2020_1/output_0015/i0000940_s12_m17.jpg
data/images/03_06_2020_0/output_0011/i0000448_s12_m17.jpg
data/images/03_10_2020_1/output_0008/i0000390_s12_m16.jpg
data/images/03_09_2020_1/output_0015/i0000470_s12_m17.jpg
data/images/03_09_2020_1/output_0017/i0000156_s12_m18.jpg
data/images/03_06_2020_0/output_0006/i0000973_s12_m17.jpg
data/images/03_06_2020_0/output_0008/i0000307_s12_m17.jpg
data/images/03_09_2020_1/output_0029/i0000801_s12_m17.jpg
data/images/03_06_2020_0/output_0011/i0000277_s12_m17.jpg
data/images/03_09_2020_1/output_0023/i0000498_s12_m17.jpg
data/images/03_10_2020_1/output_0013/i0000172_s12_m16.jpg
data/images/03_09_2020_1/output_0022/i0000258_s12_m17.jpg
data/images/03_10_2020_1/output_0010/i0000073_s12_m16.jpg
data/images/03_10_2020_1/output_0011/i0000766_s12_m16.jpg
data/images/03_09_2020_1/output_0040/i0000275_s12_m17.jpg
data/images/03_10_2020_1/output_0006/i0000635_s12_m16.jpg
data/images/03_09_2020_1/output_0043/i0000663_s12_m17.jpg
data/images/03_09_2020_1/output_0036/i0000191_s12_m17.jpg
data/images/03_09_2020_1/output_0043/i0000755_s12_m17.jpg
data/images/03_09_2020_1/output_0043/i0000737_s12_m17.jpg
data/images/03_09_2020_1/output_0030/i0000900_s12_m17.jpg
data/images/03_10_2020_1/output_0008/i0000165_s12_m16.jpg
data/images/03_09_2020_1/output_0019/i0000500_s12_m17.jpg
data/images/03_09_2020_1/output_0021/i0000330_s12_m17.jpg
data/images/03_09_2020_1/output_0017/i0000196_s12_m15.jpg
data/images/03_09_2020_1/output_0041/i0000578_s12_m17.jpg
data/images/03_10_2020_1/output_0005/i0000587_s12_m16.jpg
data/images/03_10_2020_1/output_0013/i0000810_s12_m16.jpg
data/images/03_09_2020_1/output_0033/i0000412_s12_m17.jpg
data/images/03_09_2020_1/output_0029/i0000331_s12_m17.jpg
data/images/03_10_2020_1/output_0012/i0000422_s12_m16.jpg
data/images/03_10_2020_1/output_0003/i0000956_s12_m16.jpg
data/images/03_09_2020_1/output_0037/i0000037_s12_m17.jpg
data/images/03_10_2020_1/output_0013/i0000488_s12_m16.jpg
data/images/03_09_2020_1/output_0044/i0000377_s12_m18.jpg
data/images/03_09_2020_1/output_0032/i0000146_s12_m17.jpg
data/images/03_10_2020_1/output_0014/i0000880_s12_m16.jpg
data/images/03_09_2020_1/output_0023/i0000557_s12_m16.jpg
data/images/03_10_2020_1/output_0010/i0001004_s12_m16.jpg
data/images/03_10_2020_1/output_0012/i0000560_s12_m16.jpg
data/images/03_10_2020_1/output_0005/i0000082_s12_m15.jpg
data/images/03_09_2020_1/output_0043/i0000339_s12_m17.jpg
data/images/03_10_2020_1/output_0007/i0000223_s12_m16.jpg
data/images/03_10_2020_1/output_0014/i0000295_s12_m16.jpg
data/images/03_10_2020_1/output_0014/i0000586_s12_m16.jpg
data/images/03_10_2020_1/output_0000/i0000683_s12_m16.jpg
data/images/03_09_2020_1/output_0029/i0000670_s12_m16.jpg
data/images/03_06_2020_0/output_0006/i0001242_s12_m16.jpg
data/images/03_06_2020_0/output_0011/i0001347_s12_m18.jpg
data/images/03_09_2020_1/output_0040/i0000131_s12_m17.jpg
data/images/03_09_2020_1/output_0026/i0000583_s12_m17.jpg
data/images/03_09_2020_1/output_0027/i0000100_s12_m18.jpg
data/images/03_09_2020_1/output_0018/i0000412_s12_m16.jpg
data/images/03_09_2020_1/output_0042/i0000342_s12_m17.jpg
data/images/03_09_2020_1/output_0041/i0000589_s12_m17.jpg
data/images/03_10_2020_1/output_0000/i0000355_s12_m16.jpg
data/images/03_09_2020_1/output_0037/i0000031_s12_m16.jpg
data/images/03_10_2020_1/output_0000/i0000223_s12_m16.jpg
data/images/03_09_2020_1/output_0031/i0000630_s12_m16.jpg
data/images/03_09_2020_1/output_0023/i0000066_s12_m17.jpg
data/images/03_06_2020_0/output_0011/i0000609_s12_m17.jpg
data/images/03_09_2020_1/output_0013/i0000263_s12_m17.jpg
data/images/03_10_2020_1/output_0006/i0000537_s12_m16.jpg
data/images/03_09_2020_1/output_0032/i0000410_s12_m17.jpg
data/images/03_09_2020_1/output_0018/i0000081_s12_m17.jpg
data/images/03_10_2020_1/output_0012/i0000558_s12_m16.jpg
data/images/03_06_2020_0/output_0008/i0001300_s12_m16.jpg
data/images/03_09_2020_1/output_0030/i0000590_s12_m17.jpg
data/images/03_06_2020_0/output_0008/i0000606_s12_m16.jpg
data/images/03_09_2020_1/output_0042/i0000166_s12_m17.jpg
data/images/03_06_2020_0/output_0006/i0001240_s12_m16.jpg
data/images/03_09_2020_1/output_0027/i0000132_s12_m18.jpg
data/images/03_09_2020_1/output_0032/i0000757_s12_m17.jpg
data/images/03_10_2020_1/output_0008/i0000296_s12_m16.jpg
data/images/03_06_2020_0/output_0011/i0001401_s12_m18.jpg
data/images/03_09_2020_1/output_0031/i0000221_s12_m17.jpg
data/images/03_09_2020_1/output_0032/i0000451_s12_m16.jpg
data/images/03_10_2020_1/output_0011/i0000072_s12_m16.jpg
data/images/03_09_2020_1/output_0020/i0000440_s12_m17.jpg
data/images/03_10_2020_1/output_0014/i0000704_s12_m16.jpg
data/images/03_06_2020_0/output_0009/i0000332_s12_m16.jpg
data/images/03_09_2020_1/output_0024/i0000042_s12_m16.jpg
data/images/03_09_2020_1/output_0043/i0000114_s12_m17.jpg
data/images/03_10_2020_1/output_0007/i0000849_s12_m16.jpg
data/images/03_10_2020_1/output_0010/i0000904_s12_m16.jpg
data/images/03_06_2020_0/output_0004/i0001177_s12_m16.jpg
data/images/03_06_2020_0/output_0004/i0000806_s12_m16.jpg
data/images/03_10_2020_1/output_0009/i0000091_s12_m16.jpg
data/images/03_09_2020_1/output_0036/i0000653_s12_m16.jpg
data/images/03_10_2020_1/output_0003/i0000814_s12_m16.jpg
data/images/03_09_2020_1/output_0026/i0000147_s12_m17.jpg
data/images/03_09_2020_1/output_0022/i0000243_s12_m17.jpg
data/images/03_10_2020_1/output_0003/i0000970_s12_m16.jpg
data/images/03_09_2020_1/output_0019/i0000233_s12_m17.jpg
data/images/03_09_2020_1/output_0031/i0000421_s12_m17.jpg
data/images/03_09_2020_1/output_0041/i0000145_s12_m17.jpg
data/images/03_09_2020_1/output_0037/i0000327_s12_m17.jpg
data/images/03_06_2020_0/output_0004/i0001050_s12_m16.jpg
data/images/03_09_2020_1/output_0033/i0000741_s12_m16.jpg
data/images/03_10_2020_1/output_0005/i0000027_s12_m16.jpg
data/images/03_09_2020_1/output_0016/i0000154_s12_m17.jpg
data/images/03_09_2020_1/output_0035/i0000432_s12_m16.jpg
data/images/03_10_2020_1/output_0014/i0000621_s12_m16.jpg
data/images/03_06_2020_0/output_0009/i0000188_s12_m16.jpg
data/images/03_06_2020_0/output_0008/i0000793_s12_m17.jpg
data/images/03_10_2020_1/output_0000/i0000221_s12_m16.jpg
data/images/03_09_2020_1/output_0032/i0000286_s12_m17.jpg
data/images/03_10_2020_1/output_0008/i0000014_s12_m16.jpg
data/images/03_09_2020_1/output_0024/i0000154_s12_m17.jpg
data/images/03_06_2020_0/output_0008/i0000337_s12_m17.jpg
data/images/03_10_2020_1/output_0010/i0000452_s12_m16.jpg
data/images/03_10_2020_1/output_0014/i0000294_s12_m16.jpg
data/images/03_09_2020_1/output_0035/i0000510_s12_m17.jpg
data/images/03_09_2020_1/output_0032/i0000061_s12_m16.jpg
data/images/03_09_2020_1/output_0039/i0000186_s12_m16.jpg
data/images/03_09_2020_1/output_0018/i0000363_s12_m16.jpg
data/images/03_09_2020_1/output_0026/i0000460_s12_m17.jpg
data/images/03_09_2020_1/output_0042/i0000636_s12_m16.jpg
data/images/03_09_2020_1/output_0026/i0000584_s12_m17.jpg
data/images/03_09_2020_1/output_0034/i0000031_s12_m16.jpg
data/images/03_09_2020_1/output_0037/i0000270_s12_m17.jpg
data/images/03_10_2020_1/output_0003/i0000271_s12_m16.jpg
data/images/03_09_2020_1/output_0044/i0000131_s12_m17.jpg
data/images/03_06_2020_0/output_0011/i0000595_s12_m17.jpg
data/images/03_10_2020_1/output_0010/i0000890_s12_m16.jpg
data/images/03_10_2020_1/output_0003/i0000746_s12_m16.jpg
data/images/03_09_2020_1/output_0030/i0000681_s12_m16.jpg
data/images/03_09_2020_1/output_0042/i0000521_s12_m17.jpg
data/images/03_09_2020_1/output_0042/i0000386_s12_m17.jpg
data/images/03_06_2020_0/output_0004/i0001217_s12_m16.jpg
data/images/03_10_2020_1/output_0010/i0000067_s12_m16.jpg
data/images/03_09_2020_1/output_0013/i0000377_s12_m16.jpg
data/images/03_10_2020_1/output_0008/i0001020_s12_m16.jpg
data/images/03_10_2020_1/output_0011/i0001054_s12_m16.jpg
data/images/03_09_2020_1/output_0020/i0000249_s12_m16.jpg
data/images/03_09_2020_1/output_0027/i0000088_s12_m18.jpg
data/images/03_10_2020_1/output_0015/i0000281_s12_m16.jpg
data/images/03_06_2020_0/output_0004/i0001286_s12_m16.jpg
data/images/03_09_2020_1/output_0042/i0000794_s12_m16.jpg
data/images/03_09_2020_1/output_0021/i0000011_s12_m15.jpg
data/images/03_09_2020_1/output_0038/i0000670_s12_m16.jpg
data/images/03_06_2020_0/output_0006/i0001314_s12_m16.jpg
data/images/03_10_2020_1/output_0008/i0000942_s12_m16.jpg
data/images/03_10_2020_1/output_0009/i0000587_s12_m16.jpg
data/images/03_09_2020_1/output_0038/i0000409_s12_m16.jpg
data/images/03_10_2020_1/output_0016/i0000353_s12_m18.jpg
data/images/03_10_2020_1/output_0013/i0000436_s12_m16.jpg
data/images/03_09_2020_1/output_0042/i0000735_s12_m17.jpg
data/images/03_10_2020_1/output_0007/i0000282_s12_m16.jpg
data/images/03_10_2020_1/output_0010/i0000832_s12_m16.jpg
data/images/03_10_2020_1/output_0003/i0000738_s12_m16.jpg
data/images/03_10_2020_1/output_0008/i0000017_s12_m16.jpg
data/images/03_10_2020_1/output_0013/i0000393_s12_m16.jpg
data/images/03_10_2020_1/output_0011/i0001045_s12_m16.jpg
data/images/03_09_2020_1/output_0024/i0000038_s12_m16.jpg
data/images/03_09_2020_1/output_0034/i0000434_s12_m16.jpg
data/images/03_09_2020_1/output_0032/i0000363_s12_m17.jpg
data/images/03_10_2020_1/output_0007/i0000517_s12_m16.jpg
data/images/03_10_2020_1/output_0009/i0000631_s12_m16.jpg
data/images/03_09_2020_1/output_0018/i0000504_s12_m17.jpg
data/images/03_09_2020_1/output_0038/i0000401_s12_m16.jpg
data/images/03_10_2020_1/output_0016/i0000354_s12_m18.jpg
data/images/03_10_2020_1/output_0008/i0000761_s12_m17.jpg
data/images/03_06_2020_0/output_0008/i0000541_s12_m17.jpg
data/images/03_10_2020_1/output_0008/i0000795_s12_m16.jpg
data/images/03_09_2020_1/output_0042/i0000051_s12_m17.jpg
data/images/03_09_2020_1/output_0018/i0000198_s12_m16.jpg
data/images/03_09_2020_1/output_0043/i0000188_s12_m17.jpg
data/images/03_06_2020_0/output_0008/i0000507_s12_m17.jpg
data/images/03_09_2020_1/output_0013/i0000475_s12_m17.jpg
data/images/03_10_2020_1/output_0015/i0000715_s12_m16.jpg
data/images/03_10_2020_1/output_0007/i0000237_s12_m16.jpg
data/images/03_06_2020_0/output_0008/i0000352_s12_m16.jpg
data/images/03_10_2020_1/output_0007/i0000625_s12_m16.jpg
data/images/03_06_2020_0/output_0004/i0001385_s12_m17.jpg
data/images/03_10_2020_1/output_0012/i0000329_s12_m16.jpg
data/images/03_09_2020_1/output_0036/i0000705_s12_m17.jpg
data/images/03_10_2020_1/output_0007/i0000226_s12_m16.jpg
data/images/03_09_2020_1/output_0043/i0000357_s12_m17.jpg
data/images/03_10_2020_1/output_0016/i0000165_s12_m17.jpg
data/images/03_10_2020_1/output_0007/i0000842_s12_m16.jpg
data/images/03_09_2020_1/output_0040/i0000317_s12_m16.jpg
data/images/03_06_2020_0/output_0011/i0000641_s12_m17.jpg
data/images/03_09_2020_1/output_0026/i0000534_s12_m17.jpg
data/images/03_10_2020_1/output_0016/i0000111_s12_m18.jpg
data/images/03_09_2020_1/output_0035/i0000639_s12_m16.jpg
data/images/03_10_2020_1/output_0003/i0000849_s12_m16.jpg
data/images/03_10_2020_1/output_0009/i0000056_s12_m16.jpg
data/images/03_10_2020_1/output_0008/i0001050_s12_m16.jpg
data/images/03_09_2020_1/output_0039/i0000693_s12_m16.jpg
data/images/03_06_2020_0/output_0011/i0000417_s12_m17.jpg
data/images/03_09_2020_1/output_0031/i0000706_s12_m17.jpg
data/images/03_10_2020_1/output_0011/i0001090_s12_m16.jpg
data/images/03_09_2020_1/output_0039/i0000260_s12_m17.jpg
data/images/03_10_2020_1/output_0008/i0000704_s12_m16.jpg
data/images/03_09_2020_1/output_0030/i0000675_s12_m16.jpg
data/images/03_09_2020_1/output_0024/i0000673_s12_m17.jpg
data/images/03_10_2020_1/output_0001/i0000332_s12_m16.jpg
data/images/03_10_2020_1/output_0005/i0000627_s12_m16.jpg
data/images/03_06_2020_0/output_0011/i0000683_s12_m17.jpg
data/images/03_10_2020_1/output_0007/i0000221_s12_m16.jpg
data/images/03_06_2020_0/output_0008/i0000776_s12_m16.jpg
data/images/03_06_2020_0/output_0004/i0000974_s12_m16.jpg
data/images/03_09_2020_1/output_0024/i0000426_s12_m17.jpg
data/images/03_10_2020_1/output_0005/i0000518_s12_m16.jpg
data/images/03_09_2020_1/output_0016/i0000197_s12_m17.jpg
data/images/03_10_2020_1/output_0011/i0000686_s12_m16.jpg
data/images/03_10_2020_1/output_0012/i0000384_s12_m16.jpg
data/images/03_10_2020_1/output_0004/i0000488_s12_m16.jpg
data/images/03_09_2020_1/output_0044/i0000321_s12_m18.jpg
data/images/03_06_2020_0/output_0011/i0000733_s12_m17.jpg
data/images/03_06_2020_0/output_0011/i0000396_s12_m17.jpg
data/images/03_09_2020_1/output_0032/i0000482_s12_m17.jpg
data/images/03_10_2020_1/output_0009/i0000556_s12_m16.jpg
data/images/03_09_2020_1/output_0016/i0000500_s12_m17.jpg
data/images/03_09_2020_1/output_0043/i0000650_s12_m17.jpg
data/images/03_09_2020_1/output_0026/i0000468_s12_m17.jpg
data/images/03_10_2020_1/output_0009/i0000066_s12_m16.jpg
data/images/03_09_2020_1/output_0024/i0000482_s12_m17.jpg
data/images/03_10_2020_1/output_0004/i0000965_s12_m15.jpg
data/images/03_09_2020_1/output_0026/i0000333_s12_m17.jpg
data/images/03_09_2020_1/output_0038/i0000673_s12_m16.jpg
data/images/03_06_2020_0/output_0009/i0000477_s12_m17.jpg
data/images/03_10_2020_1/output_0009/i0000635_s12_m16.jpg
data/images/03_10_2020_1/output_0010/i0000734_s12_m16.jpg
data/images/03_09_2020_1/output_0043/i0000616_s12_m17.jpg
data/images/03_06_2020_0/output_0008/i0000129_s12_m17.jpg
data/images/03_06_2020_0/output_0008/i0001139_s12_m16.jpg
data/images/03_09_2020_1/output_0019/i0000635_s12_m17.jpg
data/images/03_09_2020_1/output_0044/i0000255_s12_m18.jpg
data/images/03_09_2020_1/output_0030/i0000687_s12_m16.jpg
data/images/03_10_2020_1/output_0003/i0000515_s12_m16.jpg
data/images/03_10_2020_1/output_0009/i0000746_s12_m16.jpg
data/images/03_10_2020_1/output_0010/i0000759_s12_m16.jpg
data/images/03_09_2020_1/output_0044/i0000117_s12_m16.jpg
data/images/03_10_2020_1/output_0003/i0001003_s12_m16.jpg
data/images/03_06_2020_0/output_0009/i0000641_s12_m17.jpg
data/images/03_06_2020_0/output_0009/i0001213_s12_m17.jpg
data/images/03_09_2020_1/output_0021/i0000244_s12_m17.jpg
data/images/03_09_2020_1/output_0044/i0000328_s12_m18.jpg
data/images/03_09_2020_1/output_0040/i0000407_s12_m16.jpg
data/images/03_06_2020_0/output_0008/i0001192_s12_m16.jpg
data/images/03_09_2020_1/output_0031/i0000044_s12_m17.jpg
data/images/03_09_2020_1/output_0019/i0000512_s12_m17.jpg
data/images/03_10_2020_1/output_0005/i0000652_s12_m16.jpg
data/images/03_10_2020_1/output_0014/i0000718_s12_m16.jpg
data/images/03_09_2020_1/output_0040/i0000414_s12_m16.jpg
data/images/03_10_2020_1/output_0008/i0000395_s12_m16.jpg
data/images/03_10_2020_1/output_0015/i0000486_s12_m16.jpg
data/images/03_09_2020_1/output_0040/i0000333_s12_m16.jpg
data/images/03_09_2020_1/output_0019/i0000361_s12_m17.jpg
data/images/03_06_2020_0/output_0006/i0000145_s12_m16.jpg
data/images/03_09_2020_1/output_0022/i0000642_s12_m16.jpg
data/images/03_06_2020_0/output_0008/i0000569_s12_m17.jpg
data/images/03_06_2020_0/output_0004/i0000183_s12_m16.jpg
data/images/03_10_2020_1/output_0008/i0001049_s12_m16.jpg
data/images/03_09_2020_1/output_0037/i0000765_s12_m16.jpg
data/images/03_06_2020_0/output_0011/i0001403_s12_m18.jpg
data/images/03_06_2020_0/output_0006/i0001131_s12_m16.jpg
data/images/03_09_2020_1/output_0018/i0000499_s12_m17.jpg
data/images/03_10_2020_1/output_0005/i0000888_s12_m16.jpg
data/images/03_10_2020_1/output_0006/i0000797_s12_m16.jpg
data/images/03_10_2020_1/output_0006/i0000371_s12_m16.jpg
data/images/03_09_2020_1/output_0029/i0000818_s12_m17.jpg
data/images/03_09_2020_1/output_0024/i0000187_s12_m17.jpg
data/images/03_09_2020_1/output_0040/i0000151_s12_m17.jpg
data/images/03_10_2020_1/output_0014/i0000638_s12_m16.jpg
data/images/03_06_2020_0/output_0009/i0000372_s12_m17.jpg
data/images/03_10_2020_1/output_0013/i0000244_s12_m16.jpg
data/images/03_09_2020_1/output_0027/i0000131_s12_m18.jpg
data/images/03_09_2020_1/output_0036/i0000107_s12_m17.jpg
data/images/03_06_2020_0/output_0008/i0001226_s12_m17.jpg
data/images/03_10_2020_1/output_0003/i0000320_s12_m16.jpg
data/images/03_06_2020_0/output_0008/i0001460_s12_m17.jpg
data/images/03_09_2020_1/output_0044/i0000295_s12_m18.jpg
data/images/03_06_2020_0/output_0004/i0000236_s12_m17.jpg
data/images/03_09_2020_1/output_0019/i0000091_s12_m16.jpg
data/images/03_09_2020_1/output_0018/i0000281_s12_m16.jpg
data/images/03_10_2020_1/output_0008/i0000864_s12_m16.jpg
data/images/03_06_2020_0/output_0008/i0000550_s12_m17.jpg
data/images/03_10_2020_1/output_0016/i0000162_s12_m17.jpg
data/images/03_09_2020_1/output_0021/i0000582_s12_m17.jpg
data/images/03_10_2020_1/output_0003/i0000454_s12_m16.jpg
data/images/03_09_2020_1/output_0022/i0000235_s12_m17.jpg
data/images/03_10_2020_1/output_0007/i0000631_s12_m16.jpg
data/images/03_09_2020_1/output_0020/i0000042_s12_m17.jpg
data/images/03_09_2020_1/output_0037/i0000769_s12_m16.jpg
data/images/03_10_2020_1/output_0005/i0000236_s12_m16.jpg
data/images/03_10_2020_1/output_0015/i0000855_s12_m16.jpg
data/images/03_06_2020_0/output_0009/i0001375_s12_m16.jpg
data/images/03_10_2020_1/output_0001/i0000385_s12_m16.jpg
data/images/03_10_2020_1/output_0008/i0000644_s12_m15.jpg
data/images/03_10_2020_1/output_0000/i0000220_s12_m16.jpg
data/images/03_10_2020_1/output_0005/i0000605_s12_m16.jpg
data/images/03_09_2020_1/output_0044/i0000189_s12_m18.jpg
data/images/03_09_2020_1/output_0015/i0000433_s12_m17.jpg
data/images/03_10_2020_1/output_0011/i0000421_s12_m16.jpg
data/images/03_09_2020_1/output_0043/i0000406_s12_m17.jpg
data/images/03_10_2020_1/output_0007/i0000074_s12_m16.jpg
data/images/03_10_2020_1/output_0015/i0000440_s12_m16.jpg
data/images/03_10_2020_1/output_0007/i0000804_s12_m16.jpg
data/images/03_09_2020_1/output_0020/i0000671_s12_m17.jpg
data/images/03_10_2020_1/output_0007/i0000105_s12_m16.jpg
data/images/03_09_2020_1/output_0041/i0000790_s12_m17.jpg
data/images/03_10_2020_1/output_0003/i0000406_s12_m16.jpg
data/images/03_09_2020_1/output_0034/i0000154_s12_m16.jpg
data/images/03_10_2020_1/output_0003/i0000816_s12_m16.jpg
data/images/03_10_2020_1/output_0006/i0000199_s12_m16.jpg
data/images/03_10_2020_1/output_0010/i0000818_s12_m16.jpg
data/images/03_09_2020_1/output_0024/i0000041_s12_m16.jpg
data/images/03_09_2020_1/output_0031/i0000369_s12_m17.jpg
data/images/03_09_2020_1/output_0034/i0000224_s12_m16.jpg
data/images/03_10_2020_1/output_0011/i0000582_s12_m16.jpg
data/images/03_10_2020_1/output_0005/i0000836_s12_m11.jpg
data/images/03_09_2020_1/output_0040/i0000723_s12_m17.jpg
data/images/03_09_2020_1/output_0023/i0000056_s12_m16.jpg
data/images/03_09_2020_1/output_0042/i0000642_s12_m16.jpg
data/images/03_09_2020_1/output_0036/i0000395_s12_m16.jpg
data/images/03_10_2020_1/output_0003/i0000667_s12_m16.jpg
data/images/03_09_2020_1/output_0034/i0000289_s12_m16.jpg
data/images/03_09_2020_1/output_0029/i0000307_s12_m17.jpg
data/images/03_10_2020_1/output_0012/i0000235_s12_m16.jpg
data/images/03_09_2020_1/output_0032/i0000758_s12_m17.jpg
data/images/03_09_2020_1/output_0022/i0000406_s12_m17.jpg
data/images/03_09_2020_1/output_0042/i0000619_s12_m16.jpg
data/images/03_09_2020_1/output_0038/i0000317_s12_m17.jpg
data/images/03_09_2020_1/output_0040/i0000153_s12_m17.jpg
data/images/03_09_2020_1/output_0026/i0000205_s12_m16.jpg
data/images/03_06_2020_0/output_0011/i0000411_s12_m17.jpg
data/images/03_06_2020_0/output_0009/i0001382_s12_m16.jpg
data/images/03_10_2020_1/output_0015/i0000042_s12_m16.jpg
data/images/03_10_2020_1/output_0012/i0000940_s12_m16.jpg
data/images/03_10_2020_1/output_0005/i0000933_s12_m16.jpg
data/images/03_06_2020_0/output_0009/i0001400_s12_m17.jpg
data/images/03_06_2020_0/output_0006/i0000782_s12_m15.jpg
data/images/03_09_2020_1/output_0030/i0000785_s12_m17.jpg
data/images/03_06_2020_0/output_0009/i0000201_s12_m17.jpg
data/images/03_10_2020_1/output_0003/i0000812_s12_m16.jpg
data/images/03_09_2020_1/output_0034/i0000111_s12_m16.jpg
data/images/03_09_2020_1/output_0039/i0000152_s12_m16.jpg
data/images/03_10_2020_1/output_0002/i0000211_s12_m15.jpg
data/images/03_10_2020_1/output_0012/i0000651_s12_m16.jpg
data/images/03_10_2020_1/output_0007/i0000677_s12_m16.jpg
data/images/03_09_2020_1/output_0040/i0000442_s12_m16.jpg
data/images/03_09_2020_1/output_0017/i0000194_s12_m16.jpg
data/images/03_09_2020_1/output_0026/i0000192_s12_m16.jpg
data/images/03_09_2020_1/output_0041/i0000487_s12_m17.jpg
data/images/03_10_2020_1/output_0011/i0000927_s12_m16.jpg
data/images/03_09_2020_1/output_0041/i0000481_s12_m17.jpg
data/images/03_09_2020_1/output_0042/i0000617_s12_m16.jpg
data/images/03_06_2020_0/output_0011/i0000137_s12_m17.jpg
data/images/03_10_2020_1/output_0014/i0000619_s12_m16.jpg
data/images/03_10_2020_1/output_0004/i0000501_s12_m16.jpg
data/images/03_10_2020_1/output_0007/i0000239_s12_m16.jpg
data/images/03_10_2020_1/output_0011/i0000591_s12_m16.jpg
data/images/03_09_2020_1/output_0038/i0000298_s12_m17.jpg
data/images/03_09_2020_1/output_0033/i0000647_s12_m16.jpg
data/images/03_09_2020_1/output_0032/i0000555_s12_m16.jpg
data/images/03_10_2020_1/output_0005/i0000370_s12_m16.jpg
data/images/03_09_2020_1/output_0026/i0000334_s12_m17.jpg
data/images/03_09_2020_1/output_0023/i0000575_s12_m17.jpg
data/images/03_10_2020_1/output_0006/i0000731_s12_m16.jpg
data/images/03_09_2020_1/output_0026/i0000508_s12_m17.jpg
data/images/03_09_2020_1/output_0041/i0000192_s12_m17.jpg
data/images/03_10_2020_1/output_0000/i0000194_s12_m16.jpg
data/images/03_09_2020_1/output_0041/i0000587_s12_m17.jpg
data/images/03_09_2020_1/output_0042/i0000633_s12_m16.jpg
data/images/03_09_2020_1/output_0032/i0000483_s12_m17.jpg
data/images/03_06_2020_0/output_0008/i0000515_s12_m17.jpg
data/images/03_06_2020_0/output_0011/i0000275_s12_m17.jpg
data/images/03_10_2020_1/output_0012/i0000573_s12_m16.jpg
data/images/03_10_2020_1/output_0010/i0000132_s12_m16.jpg
data/images/03_06_2020_0/output_0009/i0000160_s12_m17.jpg
data/images/03_10_2020_1/output_0001/i0000049_s12_m16.jpg
data/images/03_09_2020_1/output_0043/i0000632_s12_m17.jpg
data/images/03_10_2020_1/output_0003/i0000642_s12_m16.jpg
data/images/03_09_2020_1/output_0026/i0000085_s12_m16.jpg
data/images/03_10_2020_1/output_0015/i0000260_s12_m16.jpg
data/images/03_09_2020_1/output_0026/i0000332_s12_m17.jpg
data/images/03_09_2020_1/output_0019/i0000699_s12_m17.jpg
data/images/03_10_2020_1/output_0011/i0000711_s12_m16.jpg
data/images/03_06_2020_0/output_0009/i0000044_s12_m17.jpg
data/images/03_10_2020_1/output_0012/i0000408_s12_m16.jpg
data/images/03_09_2020_1/output_0035/i0000651_s12_m16.jpg
data/images/03_09_2020_1/output_0026/i0000381_s12_m17.jpg
data/images/03_09_2020_1/output_0023/i0000175_s12_m16.jpg
data/images/03_06_2020_0/output_0011/i0001067_s12_m17.jpg
data/images/03_10_2020_1/output_0008/i0000543_s12_m16.jpg
data/images/03_09_2020_1/output_0022/i0000445_s12_m17.jpg
data/images/03_09_2020_1/output_0036/i0000281_s12_m16.jpg
data/images/03_10_2020_1/output_0005/i0000251_s12_m16.jpg
data/images/03_10_2020_1/output_0006/i0000454_s12_m16.jpg
data/images/03_09_2020_1/output_0044/i0000179_s12_m18.jpg
data/images/03_09_2020_1/output_0038/i0000370_s12_m17.jpg
data/images/03_10_2020_1/output_0009/i0000633_s12_m16.jpg
data/images/03_10_2020_1/output_0004/i0000604_s12_m15.jpg
data/images/03_10_2020_1/output_0016/i0000136_s12_m18.jpg
data/images/03_09_2020_1/output_0021/i0000616_s12_m17.jpg
data/images/03_06_2020_0/output_0008/i0000756_s12_m17.jpg
data/images/03_10_2020_1/output_0006/i0000416_s12_m16.jpg
data/images/03_06_2020_0/output_0008/i0000175_s12_m17.jpg
data/images/03_09_2020_1/output_0018/i0000162_s12_m16.jpg
data/images/03_09_2020_1/output_0037/i0000458_s12_m17.jpg
data/images/03_09_2020_1/output_0032/i0000368_s12_m17.jpg
data/images/03_09_2020_1/output_0024/i0000017_s12_m15.jpg
data/images/03_06_2020_0/output_0008/i0000447_s12_m17.jpg
data/images/03_10_2020_1/output_0003/i0000282_s12_m16.jpg
data/images/03_09_2020_1/output_0022/i0000098_s12_m17.jpg
data/images/03_09_2020_1/output_0022/i0000463_s12_m17.jpg
data/images/03_09_2020_1/output_0036/i0000174_s12_m17.jpg
data/images/03_10_2020_1/output_0013/i0000354_s12_m16.jpg
data/images/03_09_2020_1/output_0030/i0000856_s12_m17.jpg
data/images/03_10_2020_1/output_0005/i0000877_s12_m16.jpg
data/images/03_09_2020_1/output_0019/i0000569_s12_m17.jpg
data/images/03_10_2020_1/output_0008/i0001048_s12_m16.jpg
data/images/03_09_2020_1/output_0036/i0000682_s12_m16.jpg
data/images/03_10_2020_1/output_0011/i0000257_s12_m16.jpg
data/images/03_09_2020_1/output_0040/i0000201_s12_m16.jpg
data/images/03_06_2020_0/output_0006/i0000982_s12_m17.jpg
data/images/03_10_2020_1/output_0005/i0001077_s12_m16.jpg
data/images/03_09_2020_1/output_0044/i0000046_s12_m17.jpg
data/images/03_10_2020_1/output_0011/i0000492_s12_m16.jpg
data/images/03_10_2020_1/output_0009/i0000493_s12_m16.jpg
data/images/03_10_2020_1/output_0003/i0000703_s12_m16.jpg
data/images/03_06_2020_0/output_0008/i0000706_s12_m16.jpg
data/images/03_09_2020_1/output_0044/i0000120_s12_m16.jpg
data/images/03_06_2020_0/output_0006/i0000246_s12_m17.jpg
data/images/03_10_2020_1/output_0013/i0000459_s12_m16.jpg
data/images/03_06_2020_0/output_0008/i0000041_s12_m16.jpg
data/images/03_10_2020_1/output_0015/i0000622_s12_m16.jpg
data/images/03_09_2020_1/output_0023/i0000381_s12_m16.jpg
data/images/03_06_2020_0/output_0008/i0000246_s12_m17.jpg
data/images/03_09_2020_1/output_0014/i0000602_s12_m16.jpg
data/images/03_10_2020_1/output_0015/i0000261_s12_m16.jpg
data/images/03_09_2020_1/output_0022/i0000651_s12_m16.jpg
data/images/03_09_2020_1/output_0036/i0000388_s12_m16.jpg
data/images/03_06_2020_0/output_0009/i0000846_s12_m17.jpg
data/images/03_10_2020_1/output_0008/i0000797_s12_m16.jpg
data/images/03_09_2020_1/output_0022/i0000522_s12_m16.jpg
data/images/03_06_2020_0/output_0004/i0000969_s12_m16.jpg
data/images/03_09_2020_1/output_0040/i0000526_s12_m17.jpg
data/images/03_10_2020_1/output_0005/i0000619_s12_m16.jpg
data/images/03_10_2020_1/output_0014/i0000293_s12_m16.jpg
data/images/03_06_2020_0/output_0008/i0000931_s12_m16.jpg
data/images/03_09_2020_1/output_0026/i0000234_s12_m17.jpg
data/images/03_10_2020_1/output_0000/i0000457_s12_m16.jpg
data/images/03_09_2020_1/output_0027/i0000231_s12_m18.jpg
data/images/03_09_2020_1/output_0043/i0000426_s12_m17.jpg
data/images/03_10_2020_1/output_0009/i0000784_s12_m16.jpg
data/images/03_09_2020_1/output_0026/i0000116_s12_m16.jpg
data/images/03_10_2020_1/output_0006/i0000455_s12_m16.jpg
data/images/03_09_2020_1/output_0039/i0000225_s12_m17.jpg
data/images/03_06_2020_0/output_0008/i0001290_s12_m16.jpg
data/images/03_09_2020_1/output_0024/i0000399_s12_m17.jpg
data/images/03_09_2020_1/output_0019/i0000575_s12_m17.jpg
data/images/03_09_2020_1/output_0035/i0000247_s12_m17.jpg
data/images/03_09_2020_1/output_0026/i0000113_s12_m16.jpg
data/images/03_06_2020_0/output_0011/i0000136_s12_m17.jpg
data/images/03_10_2020_1/output_0007/i0000238_s12_m16.jpg
data/images/03_10_2020_1/output_0001/i0000051_s12_m16.jpg
data/images/03_09_2020_1/output_0043/i0000190_s12_m17.jpg
data/images/03_10_2020_1/output_0015/i0000179_s12_m16.jpg
data/images/03_09_2020_1/output_0026/i0000468_s12_m17.jpg
data/images/03_10_2020_1/output_0011/i0000028_s12_m15.jpg
data/images/03_10_2020_1/output_0005/i0000628_s12_m16.jpg
data/images/03_09_2020_1/output_0037/i0000053_s12_m16.jpg
data/images/03_06_2020_0/output_0004/i0000877_s12_m16.jpg
data/images/03_09_2020_1/output_0040/i0000444_s12_m16.jpg
data/images/03_10_2020_1/output_0016/i0000335_s12_m18.jpg
data/images/03_09_2020_1/output_0026/i0000191_s12_m16.jpg
data/images/03_09_2020_1/output_0029/i0000783_s12_m17.jpg
data/images/03_10_2020_1/output_0012/i0000747_s12_m16.jpg
data/images/03_10_2020_1/output_0016/i0000264_s12_m18.jpg
data/images/03_10_2020_1/output_0001/i0000018_s12_m16.jpg
data/images/03_09_2020_1/output_0021/i0000317_s12_m17.jpg
data/images/03_06_2020_0/output_0006/i0000731_s12_m17.jpg
data/images/03_09_2020_1/output_0036/i0000685_s12_m17.jpg
data/images/03_09_2020_1/output_0034/i0000168_s12_m16.jpg
data/images/03_10_2020_1/output_0008/i0000711_s12_m16.jpg
data/images/03_10_2020_1/output_0008/i0000059_s12_m16.jpg
data/images/03_09_2020_1/output_0016/i0000490_s12_m16.jpg
data/images/03_09_2020_1/output_0039/i0000558_s12_m17.jpg
data/images/03_06_2020_0/output_0008/i0001050_s12_m16.jpg
data/images/03_10_2020_1/output_0016/i0000349_s12_m18.jpg
data/images/03_09_2020_1/output_0037/i0000780_s12_m16.jpg
data/images/03_10_2020_1/output_0011/i0000788_s12_m16.jpg
data/images/03_10_2020_1/output_0006/i0000536_s12_m16.jpg
data/images/03_10_2020_1/output_0010/i0000069_s12_m16.jpg
data/images/03_10_2020_1/output_0010/i0000651_s12_m16.jpg
data/images/03_09_2020_1/output_0026/i0000207_s12_m17.jpg
data/images/03_10_2020_1/output_0004/i0000723_s12_m16.jpg
data/images/03_09_2020_1/output_0035/i0000145_s12_m17.jpg
data/images/03_09_2020_1/output_0022/i0000672_s12_m16.jpg
data/images/03_10_2020_1/output_0007/i0000165_s12_m16.jpg
data/images/03_06_2020_0/output_0004/i0001010_s12_m17.jpg
data/images/03_09_2020_1/output_0035/i0000607_s12_m17.jpg
data/images/03_09_2020_1/output_0031/i0000465_s12_m16.jpg
data/images/03_09_2020_1/output_0033/i0000439_s12_m17.jpg
data/images/03_09_2020_1/output_0042/i0000480_s12_m16.jpg
data/images/03_06_2020_0/output_0008/i0000409_s12_m17.jpg
data/images/03_09_2020_1/output_0018/i0000200_s12_m16.jpg
data/images/03_10_2020_1/output_0010/i0000453_s12_m16.jpg
data/images/03_06_2020_0/output_0009/i0001180_s12_m17.jpg
data/images/03_09_2020_1/output_0031/i0000731_s12_m17.jpg
data/images/03_09_2020_1/output_0041/i0000395_s12_m17.jpg
data/images/03_06_2020_0/output_0004/i0001395_s12_m17.jpg
data/images/03_09_2020_1/output_0044/i0000047_s12_m17.jpg
data/images/03_10_2020_1/output_0011/i0000652_s12_m16.jpg
data/images/03_10_2020_1/output_0003/i0000542_s12_m16.jpg
data/images/03_09_2020_1/output_0031/i0000464_s12_m16.jpg
data/images/03_09_2020_1/output_0020/i0000693_s12_m17.jpg
data/images/03_10_2020_1/output_0004/i0000578_s12_m15.jpg
data/images/03_10_2020_1/output_0003/i0000114_s12_m16.jpg
data/images/03_09_2020_1/output_0042/i0000428_s12_m17.jpg
data/images/03_10_2020_1/output_0006/i0000821_s12_m16.jpg
data/images/03_09_2020_1/output_0032/i0000322_s12_m17.jpg
data/images/03_10_2020_1/output_0016/i0000249_s12_m18.jpg
data/images/03_10_2020_1/output_0008/i0000142_s12_m16.jpg
data/images/03_10_2020_1/output_0008/i0000846_s12_m16.jpg
data/images/03_10_2020_1/output_0010/i0000553_s12_m16.jpg
data/images/03_09_2020_1/output_0035/i0000602_s12_m17.jpg
data/images/03_09_2020_1/output_0042/i0000681_s12_m17.jpg
data/images/03_10_2020_1/output_0016/i0000138_s12_m18.jpg
data/images/03_10_2020_1/output_0008/i0000782_s12_m16.jpg
data/images/03_06_2020_0/output_0011/i0000828_s12_m17.jpg
data/images/03_09_2020_1/output_0024/i0000733_s12_m17.jpg
data/images/03_10_2020_1/output_0007/i0000228_s12_m16.jpg
data/images/03_09_2020_1/output_0039/i0000204_s12_m16.jpg
data/images/03_09_2020_1/output_0042/i0000766_s12_m16.jpg
data/images/03_10_2020_1/output_0004/i0000602_s12_m15.jpg
data/images/03_09_2020_1/output_0026/i0000338_s12_m17.jpg
data/images/03_10_2020_1/output_0005/i0001093_s12_m16.jpg
data/images/03_06_2020_0/output_0004/i0000381_s12_m16.jpg
data/images/03_10_2020_1/output_0008/i0001002_s12_m16.jpg
data/images/03_10_2020_1/output_0005/i0000624_s12_m16.jpg
data/images/03_06_2020_0/output_0006/i0000207_s12_m16.jpg
data/images/03_10_2020_1/output_0000/i0000304_s12_m16.jpg
data/images/03_09_2020_1/output_0040/i0000065_s12_m16.jpg
data/images/03_09_2020_1/output_0026/i0000494_s12_m17.jpg
data/images/03_09_2020_1/output_0032/i0000656_s12_m17.jpg
data/images/03_09_2020_1/output_0044/i0000289_s12_m18.jpg
data/images/03_09_2020_1/output_0037/i0000133_s12_m17.jpg
data/images/03_06_2020_0/output_0004/i0000556_s12_m16.jpg
data/images/03_10_2020_1/output_0008/i0000061_s12_m16.jpg
data/images/03_09_2020_1/output_0044/i0000129_s12_m17.jpg
data/images/03_06_2020_0/output_0008/i0000457_s12_m17.jpg
data/images/03_10_2020_1/output_0005/i0000403_s12_m16.jpg
data/images/03_10_2020_1/output_0014/i0000107_s12_m16.jpg
data/images/03_09_2020_1/output_0023/i0000383_s12_m16.jpg
data/images/03_10_2020_1/output_0008/i0000700_s12_m16.jpg
data/images/03_09_2020_1/output_0019/i0000314_s12_m17.jpg
data/images/03_09_2020_1/output_0031/i0000669_s12_m16.jpg
data/images/03_10_2020_1/output_0011/i0000773_s12_m16.jpg
data/images/03_09_2020_1/output_0024/i0000170_s12_m17.jpg
data/images/03_10_2020_1/output_0014/i0000671_s12_m16.jpg
data/images/03_10_2020_1/output_0011/i0001110_s12_m16.jpg
data/images/03_10_2020_1/output_0015/i0000280_s12_m16.jpg
data/images/03_09_2020_1/output_0043/i0000540_s12_m17.jpg
data/images/03_06_2020_0/output_0006/i0000541_s12_m16.jpg
data/images/03_10_2020_1/output_0012/i0000574_s12_m16.jpg
data/images/03_09_2020_1/output_0023/i0000108_s12_m16.jpg
data/images/03_06_2020_0/output_0008/i0001493_s12_m17.jpg
data/images/03_10_2020_1/output_0009/i0000592_s12_m16.jpg
data/images/03_09_2020_1/output_0035/i0000583_s12_m16.jpg
data/images/03_09_2020_1/output_0041/i0000221_s12_m16.jpg
data/images/03_10_2020_1/output_0015/i0000385_s12_m16.jpg
data/images/03_09_2020_1/output_0026/i0000247_s12_m17.jpg
data/images/03_10_2020_1/output_0000/i0000177_s12_m16.jpg
data/images/03_10_2020_1/output_0013/i0000788_s12_m16.jpg
data/images/03_06_2020_0/output_0004/i0000933_s12_m16.jpg
data/images/03_06_2020_0/output_0011/i0000555_s12_m17.jpg
data/images/03_10_2020_1/output_0009/i0000774_s12_m16.jpg
data/images/03_06_2020_0/output_0008/i0000701_s12_m16.jpg
data/images/03_10_2020_1/output_0014/i0000313_s12_m16.jpg
data/images/03_06_2020_0/output_0006/i0000502_s12_m16.jpg
data/images/03_09_2020_1/output_0037/i0000751_s12_m17.jpg
data/images/03_09_2020_1/output_0041/i0000445_s12_m17.jpg
data/images/03_09_2020_1/output_0020/i0000618_s12_m17.jpg
data/images/03_09_2020_1/output_0031/i0000251_s12_m17.jpg
data/images/03_10_2020_1/output_0016/i0000365_s12_m18.jpg
data/images/03_06_2020_0/output_0004/i0001410_s12_m16.jpg
data/images/03_10_2020_1/output_0010/i0001003_s12_m16.jpg
data/images/03_06_2020_0/output_0009/i0000138_s12_m16.jpg
data/images/03_09_2020_1/output_0030/i0000346_s12_m17.jpg
data/images/03_10_2020_1/output_0000/i0000284_s12_m16.jpg
data/images/03_06_2020_0/output_0011/i0000564_s12_m17.jpg
data/images/03_09_2020_1/output_0044/i0000325_s12_m18.jpg
data/images/03_09_2020_1/output_0031/i0000298_s12_m17.jpg
data/images/03_10_2020_1/output_0015/i0000762_s12_m16.jpg
data/images/03_10_2020_1/output_0005/i0000643_s12_m16.jpg
data/images/03_10_2020_1/output_0012/i0000741_s12_m16.jpg
data/images/03_06_2020_0/output_0009/i0000290_s12_m17.jpg
data/images/03_09_2020_1/output_0031/i0000663_s12_m16.jpg
data/images/03_09_2020_1/output_0041/i0000403_s12_m17.jpg
data/images/03_09_2020_1/output_0033/i0000053_s12_m16.jpg
data/images/03_09_2020_1/output_0032/i0000254_s12_m17.jpg
data/images/03_09_2020_1/output_0023/i0000115_s12_m18.jpg
data/images/03_10_2020_1/output_0008/i0000687_s12_m16.jpg
data/images/03_09_2020_1/output_0032/i0000161_s12_m17.jpg
data/images/03_10_2020_1/output_0010/i0000888_s12_m16.jpg
data/images/03_06_2020_0/output_0006/i0000107_s12_m16.jpg
data/images/03_10_2020_1/output_0008/i0000122_s12_m16.jpg
data/images/03_09_2020_1/output_0020/i0000372_s12_m17.jpg
data/images/03_09_2020_1/output_0041/i0000495_s12_m17.jpg
data/images/03_10_2020_1/output_0009/i0000175_s12_m16.jpg
data/images/03_09_2020_1/output_0032/i0000633_s12_m17.jpg
data/images/03_10_2020_1/output_0016/i0000261_s12_m18.jpg
data/images/03_06_2020_0/output_0006/i0000356_s12_m16.jpg
data/images/03_10_2020_1/output_0001/i0000356_s12_m16.jpg
data/images/03_10_2020_1/output_0015/i0000126_s12_m16.jpg
data/images/03_10_2020_1/output_0013/i0000527_s12_m16.jpg
data/images/03_09_2020_1/output_0024/i0000304_s12_m17.jpg
data/images/03_06_2020_0/output_0008/i0000894_s12_m17.jpg
data/images/03_10_2020_1/output_0004/i0000029_s12_m16.jpg
data/images/03_09_2020_1/output_0033/i0000472_s12_m17.jpg
data/images/03_06_2020_0/output_0011/i0000860_s12_m17.jpg
data/images/03_06_2020_0/output_0011/i0000179_s12_m17.jpg
data/images/03_09_2020_1/output_0036/i0000252_s12_m17.jpg
data/images/03_10_2020_1/output_0001/i0000367_s12_m16.jpg
data/images/03_10_2020_1/output_0007/i0000532_s12_m16.jpg
data/images/03_09_2020_1/output_0041/i0000304_s12_m16.jpg
data/images/03_12_2020_0/output_0001/i0000389_s12_m16.jpg
data/images/03_09_2020_1/output_0043/i0000402_s12_m17.jpg
data/images/03_09_2020_1/output_0022/i0000088_s12_m17.jpg
data/images/03_09_2020_1/output_0033/i0000332_s12_m16.jpg
data/images/03_10_2020_1/output_0006/i0000458_s12_m16.jpg
data/images/03_09_2020_1/output_0022/i0000107_s12_m17.jpg
data/images/03_09_2020_1/output_0021/i0000172_s12_m16.jpg
data/images/03_10_2020_1/output_0004/i0000532_s12_m16.jpg
data/images/03_09_2020_1/output_0035/i0000222_s12_m17.jpg
data/images/03_10_2020_1/output_0007/i0000120_s12_m16.jpg
data/images/03_10_2020_1/output_0005/i0000445_s12_m16.jpg
data/images/03_09_2020_1/output_0019/i0000490_s12_m17.jpg
data/images/03_10_2020_1/output_0003/i0000354_s12_m16.jpg
data/images/03_06_2020_0/output_0008/i0001461_s12_m17.jpg
data/images/03_09_2020_1/output_0036/i0000652_s12_m16.jpg
data/images/03_09_2020_1/output_0039/i0000483_s12_m17.jpg
data/images/03_09_2020_1/output_0032/i0000986_s12_m17.jpg
data/images/03_10_2020_1/output_0003/i0000446_s12_m16.jpg
data/images/03_09_2020_1/output_0031/i0000343_s12_m16.jpg
data/images/03_09_2020_1/output_0038/i0000281_s12_m17.jpg
data/images/03_10_2020_1/output_0004/i0000510_s12_m16.jpg
data/images/03_09_2020_1/output_0022/i0000458_s12_m17.jpg
data/images/03_10_2020_1/output_0016/i0000137_s12_m18.jpg
data/images/03_09_2020_1/output_0043/i0000602_s12_m17.jpg
data/images/03_10_2020_1/output_0012/i0000856_s12_m16.jpg
data/images/03_10_2020_1/output_0009/i0000238_s12_m16.jpg
data/images/03_06_2020_0/output_0006/i0001033_s12_m17.jpg
data/images/03_09_2020_1/output_0026/i0000475_s12_m17.jpg
data/images/03_09_2020_1/output_0013/i0000605_s12_m17.jpg
data/images/03_09_2020_1/output_0031/i0000717_s12_m17.jpg
data/images/03_09_2020_1/output_0043/i0000345_s12_m17.jpg
data/images/03_10_2020_1/output_0005/i0000935_s12_m16.jpg
data/images/03_06_2020_0/output_0008/i0000401_s12_m16.jpg
data/images/03_09_2020_1/output_0044/i0000261_s12_m18.jpg
data/images/03_09_2020_1/output_0044/i0000330_s12_m18.jpg
data/images/03_10_2020_1/output_0003/i0000342_s12_m16.jpg
data/images/03_09_2020_1/output_0023/i0000479_s12_m16.jpg
data/images/03_06_2020_0/output_0008/i0000176_s12_m17.jpg
data/images/03_09_2020_1/output_0040/i0000524_s12_m17.jpg
data/images/03_09_2020_1/output_0040/i0000532_s12_m17.jpg
data/images/03_09_2020_1/output_0033/i0000363_s12_m16.jpg
data/images/03_09_2020_1/output_0022/i0000288_s12_m17.jpg
data/images/03_10_2020_1/output_0011/i0000875_s12_m16.jpg
data/images/03_10_2020_1/output_0007/i0000317_s12_m16.jpg
data/images/03_09_2020_1/output_0026/i0000497_s12_m17.jpg
data/images/03_09_2020_1/output_0030/i0000685_s12_m16.jpg
data/images/03_09_2020_1/output_0029/i0000423_s12_m16.jpg
data/images/03_10_2020_1/output_0004/i0000579_s12_m15.jpg
data/images/03_10_2020_1/output_0003/i0000026_s12_m16.jpg
data/images/03_09_2020_1/output_0040/i0000245_s12_m17.jpg
data/images/03_10_2020_1/output_0007/i0000531_s12_m16.jpg
data/images/03_06_2020_0/output_0004/i0000463_s12_m16.jpg
data/images/03_09_2020_1/output_0017/i0000123_s12_m17.jpg
data/images/03_09_2020_1/output_0036/i0000690_s12_m17.jpg
data/images/03_09_2020_1/output_0022/i0000634_s12_m16.jpg
data/images/03_10_2020_1/output_0007/i0000088_s12_m16.jpg
data/images/03_09_2020_1/output_0044/i0000371_s12_m18.jpg
data/images/03_09_2020_1/output_0030/i0000324_s12_m17.jpg
data/images/03_10_2020_1/output_0014/i0000034_s12_m15.jpg
data/images/03_09_2020_1/output_0042/i0000267_s12_m17.jpg
data/images/03_06_2020_0/output_0008/i0000921_s12_m16.jpg
data/images/03_09_2020_1/output_0026/i0000192_s12_m16.jpg
data/images/03_09_2020_1/output_0024/i0000409_s12_m17.jpg
data/images/03_09_2020_1/output_0041/i0000731_s12_m16.jpg
data/images/03_10_2020_1/output_0013/i0000579_s12_m16.jpg
data/images/03_09_2020_1/output_0029/i0000624_s12_m16.jpg
data/images/03_10_2020_1/output_0007/i0000141_s12_m16.jpg
data/images/03_06_2020_0/output_0006/i0000547_s12_m17.jpg
data/images/03_09_2020_1/output_0033/i0000481_s12_m17.jpg
data/images/03_09_2020_1/output_0018/i0000303_s12_m16.jpg
data/images/03_09_2020_1/output_0037/i0000650_s12_m17.jpg
data/images/03_09_2020_1/output_0033/i0000041_s12_m17.jpg
data/images/03_10_2020_1/output_0000/i0000046_s12_m15.jpg
data/images/03_10_2020_1/output_0006/i0000116_s12_m16.jpg
data/images/03_09_2020_1/output_0035/i0000297_s12_m17.jpg
data/images/03_10_2020_1/output_0004/i0000722_s12_m16.jpg
data/images/03_09_2020_1/output_0043/i0000555_s12_m17.jpg
data/images/03_09_2020_1/output_0032/i0000058_s12_m16.jpg
data/images/03_09_2020_1/output_0039/i0000012_s12_m17.jpg
data/images/03_09_2020_1/output_0031/i0000642_s12_m16.jpg
data/images/03_10_2020_1/output_0009/i0000972_s12_m16.jpg
data/images/03_09_2020_1/output_0022/i0000596_s12_m16.jpg
data/images/03_09_2020_1/output_0042/i0000387_s12_m17.jpg
data/images/03_06_2020_0/output_0008/i0001261_s12_m17.jpg
data/images/03_10_2020_1/output_0000/i0000573_s12_m16.jpg
data/images/03_10_2020_1/output_0000/i0000550_s12_m16.jpg
data/images/03_10_2020_1/output_0004/i0001011_s12_m16.jpg
data/images/03_09_2020_1/output_0036/i0000101_s12_m17.jpg
data/images/03_10_2020_1/output_0009/i0000246_s12_m16.jpg
data/images/03_10_2020_1/output_0013/i0000737_s12_m16.jpg
data/images/03_10_2020_1/output_0010/i0000678_s12_m16.jpg
data/images/03_10_2020_1/output_0012/i0000517_s12_m16.jpg
data/images/03_06_2020_0/output_0011/i0000051_s12_m17.jpg
data/images/03_09_2020_1/output_0043/i0000346_s12_m17.jpg
data/images/03_06_2020_0/output_0004/i0001341_s12_m16.jpg
data/images/03_10_2020_1/output_0009/i0000519_s12_m16.jpg
data/images/03_09_2020_1/output_0020/i0000556_s12_m17.jpg
data/images/03_10_2020_1/output_0008/i0001001_s12_m16.jpg
data/images/03_10_2020_1/output_0009/i0000567_s12_m16.jpg
data/images/03_09_2020_1/output_0032/i0000313_s12_m17.jpg
data/images/03_09_2020_1/output_0019/i0000238_s12_m17.jpg
data/images/03_06_2020_0/output_0006/i0000983_s12_m17.jpg
data/images/03_09_2020_1/output_0013/i0000195_s12_m17.jpg
data/images/03_09_2020_1/output_0014/i0000024_s12_m15.jpg
data/images/03_09_2020_1/output_0040/i0000217_s12_m17.jpg
data/images/03_06_2020_0/output_0011/i0001358_s12_m18.jpg
data/images/03_09_2020_1/output_0024/i0000338_s12_m17.jpg
data/images/03_09_2020_1/output_0040/i0000441_s12_m16.jpg
data/images/03_09_2020_1/output_0029/i0000430_s12_m16.jpg
data/images/03_06_2020_0/output_0004/i0000866_s12_m17.jpg
data/images/03_10_2020_1/output_0001/i0000284_s12_m16.jpg
data/images/03_10_2020_1/output_0004/i0000756_s12_m16.jpg
data/images/03_10_2020_1/output_0003/i0000760_s12_m16.jpg
data/images/03_09_2020_1/output_0031/i0000475_s12_m16.jpg
data/images/03_06_2020_0/output_0004/i0000979_s12_m16.jpg
data/images/03_06_2020_0/output_0006/i0000336_s12_m16.jpg
data/images/03_09_2020_1/output_0021/i0000511_s12_m17.jpg
data/images/03_09_2020_1/output_0027/i0000203_s12_m18.jpg
data/images/03_09_2020_1/output_0039/i0000295_s12_m16.jpg
data/images/03_06_2020_0/output_0011/i0000582_s12_m17.jpg
data/images/03_10_2020_1/output_0015/i0000181_s12_m16.jpg
data/images/03_09_2020_1/output_0024/i0000472_s12_m17.jpg
data/images/03_09_2020_1/output_0037/i0000771_s12_m16.jpg
data/images/03_10_2020_1/output_0010/i0000757_s12_m16.jpg
data/images/03_10_2020_1/output_0005/i0000934_s12_m16.jpg
data/images/03_09_2020_1/output_0020/i0000173_s12_m16.jpg
data/images/03_10_2020_1/output_0008/i0000153_s12_m16.jpg
data/images/03_09_2020_1/output_0038/i0000440_s12_m17.jpg
data/images/03_10_2020_1/output_0016/i0000030_s12_m18.jpg
data/images/03_09_2020_1/output_0024/i0000607_s12_m17.jpg
data/images/03_10_2020_1/output_0006/i0000382_s12_m16.jpg
data/images/03_10_2020_1/output_0005/i0000310_s12_m15.jpg
data/images/03_06_2020_0/output_0009/i0000252_s12_m17.jpg
data/images/03_10_2020_1/output_0001/i0000029_s12_m16.jpg
data/images/03_10_2020_1/output_0013/i0000448_s12_m16.jpg
data/images/03_09_2020_1/output_0043/i0000417_s12_m17.jpg
data/images/03_09_2020_1/output_0039/i0000559_s12_m17.jpg
data/images/03_10_2020_1/output_0016/i0000187_s12_m17.jpg
data/images/03_09_2020_1/output_0023/i0000455_s12_m16.jpg
data/images/03_09_2020_1/output_0042/i0000124_s12_m17.jpg
data/images/03_10_2020_1/output_0009/i0000584_s12_m16.jpg
data/images/03_09_2020_1/output_0041/i0000362_s12_m16.jpg
data/images/03_12_2020_0/output_0001/i0000392_s12_m16.jpg
data/images/03_06_2020_0/output_0008/i0000962_s12_m16.jpg
data/images/03_10_2020_1/output_0008/i0000341_s12_m16.jpg
data/images/03_10_2020_1/output_0016/i0000327_s12_m18.jpg
data/images/03_09_2020_1/output_0019/i0000513_s12_m17.jpg
data/images/03_09_2020_1/output_0040/i0000290_s12_m17.jpg
data/images/03_10_2020_1/output_0015/i0000517_s12_m16.jpg
data/images/03_09_2020_1/output_0024/i0000489_s12_m17.jpg
data/images/03_09_2020_1/output_0021/i0000095_s12_m16.jpg
data/images/03_09_2020_1/output_0041/i0000674_s12_m17.jpg
data/images/03_06_2020_0/output_0006/i0000954_s12_m17.jpg
data/images/03_10_2020_1/output_0008/i0000540_s12_m16.jpg
data/images/03_06_2020_0/output_0008/i0001314_s12_m17.jpg
data/images/03_10_2020_1/output_0012/i0000691_s12_m16.jpg
data/images/03_09_2020_1/output_0032/i0000940_s12_m17.jpg
data/images/03_10_2020_1/output_0003/i0000974_s12_m16.jpg
data/images/03_10_2020_1/output_0003/i0000182_s12_m16.jpg
data/images/03_09_2020_1/output_0029/i0000455_s12_m16.jpg
data/images/03_10_2020_1/output_0004/i0001007_s12_m16.jpg
data/images/03_06_2020_0/output_0011/i0001335_s12_m18.jpg
data/images/03_06_2020_0/output_0006/i0001246_s12_m17.jpg
data/images/03_10_2020_1/output_0015/i0000552_s12_m16.jpg
data/images/03_09_2020_1/output_0016/i0000606_s12_m16.jpg
data/images/03_09_2020_1/output_0016/i0000072_s12_m17.jpg
data/images/03_09_2020_1/output_0036/i0000346_s12_m16.jpg
data/images/03_06_2020_0/output_0009/i0001411_s12_m17.jpg
data/images/03_10_2020_1/output_0004/i0000743_s12_m16.jpg
data/images/03_09_2020_1/output_0013/i0000434_s12_m16.jpg
data/images/03_09_2020_1/output_0023/i0000371_s12_m16.jpg
data/images/03_10_2020_1/output_0001/i0000369_s12_m16.jpg
data/images/03_09_2020_1/output_0043/i0000191_s12_m17.jpg
data/images/03_10_2020_1/output_0014/i0000694_s12_m16.jpg
data/images/03_09_2020_1/output_0019/i0000373_s12_m17.jpg
data/images/03_09_2020_1/output_0041/i0000624_s12_m16.jpg
data/images/03_09_2020_1/output_0019/i0000092_s12_m16.jpg
data/images/03_10_2020_1/output_0010/i0000939_s12_m16.jpg
data/images/03_10_2020_1/output_0012/i0000878_s12_m16.jpg
data/images/03_10_2020_1/output_0004/i0001020_s12_m16.jpg
data/images/03_10_2020_1/output_0008/i0000500_s12_m16.jpg
data/images/03_10_2020_1/output_0008/i0000280_s12_m16.jpg
data/images/03_09_2020_1/output_0039/i0000028_s12_m17.jpg
data/images/03_09_2020_1/output_0037/i0000051_s12_m16.jpg
data/images/03_10_2020_1/output_0010/i0001020_s12_m16.jpg
data/images/03_09_2020_1/output_0018/i0000075_s12_m17.jpg
data/images/03_10_2020_1/output_0006/i0000589_s12_m16.jpg
data/images/03_09_2020_1/output_0036/i0000602_s12_m16.jpg
data/images/03_10_2020_1/output_0003/i0000799_s12_m16.jpg
data/images/03_06_2020_0/output_0011/i0001201_s12_m18.jpg
data/images/03_09_2020_1/output_0018/i0000402_s12_m16.jpg
data/images/03_09_2020_1/output_0024/i0000213_s12_m17.jpg
data/images/03_10_2020_1/output_0010/i0000475_s12_m16.jpg
data/images/03_10_2020_1/output_0014/i0000090_s12_m16.jpg
data/images/03_10_2020_1/output_0004/i0000781_s12_m16.jpg
data/images/03_06_2020_0/output_0008/i0000255_s12_m17.jpg
data/images/03_09_2020_1/output_0023/i0000506_s12_m17.jpg
data/images/03_06_2020_0/output_0006/i0000580_s12_m16.jpg
data/images/03_10_2020_1/output_0009/i0000466_s12_m16.jpg
data/images/03_10_2020_1/output_0007/i0000360_s12_m16.jpg
data/images/03_09_2020_1/output_0018/i0000381_s12_m16.jpg
data/images/03_10_2020_1/output_0012/i0000277_s12_m16.jpg
data/images/03_09_2020_1/output_0019/i0000229_s12_m16.jpg
data/images/03_09_2020_1/output_0030/i0000497_s12_m17.jpg
data/images/03_09_2020_1/output_0038/i0000621_s12_m17.jpg
data/images/03_10_2020_1/output_0000/i0000395_s12_m16.jpg
data/images/03_09_2020_1/output_0030/i0000932_s12_m17.jpg
data/images/03_10_2020_1/output_0010/i0000068_s12_m16.jpg
data/images/03_10_2020_1/output_0009/i0000760_s12_m16.jpg
data/images/03_09_2020_1/output_0033/i0000073_s12_m16.jpg
data/images/03_09_2020_1/output_0022/i0000529_s12_m16.jpg
data/images/03_06_2020_0/output_0004/i0001059_s12_m17.jpg
data/images/03_09_2020_1/output_0032/i0000288_s12_m17.jpg
data/images/03_10_2020_1/output_0011/i0000396_s12_m16.jpg
data/images/03_06_2020_0/output_0009/i0000164_s12_m17.jpg
data/images/03_09_2020_1/output_0042/i0000107_s12_m16.jpg
data/images/03_09_2020_1/output_0017/i0000111_s12_m15.jpg
data/images/03_10_2020_1/output_0016/i0000166_s12_m17.jpg
data/images/03_10_2020_1/output_0015/i0000798_s12_m16.jpg
data/images/03_10_2020_1/output_0015/i0000144_s12_m16.jpg
data/images/03_09_2020_1/output_0038/i0000480_s12_m17.jpg
data/images/03_10_2020_1/output_0012/i0000528_s12_m16.jpg
data/images/03_10_2020_1/output_0014/i0000670_s12_m16.jpg
data/images/03_10_2020_1/output_0000/i0000509_s12_m16.jpg
data/images/03_09_2020_1/output_0013/i0000466_s12_m17.jpg
data/images/03_09_2020_1/output_0026/i0000134_s12_m17.jpg
data/images/03_10_2020_1/output_0000/i0000712_s12_m16.jpg
data/images/03_09_2020_1/output_0042/i0000746_s12_m17.jpg
data/images/03_09_2020_1/output_0035/i0000178_s12_m17.jpg
data/images/03_09_2020_1/output_0022/i0000567_s12_m16.jpg
data/images/03_10_2020_1/output_0012/i0000893_s12_m16.jpg
data/images/03_06_2020_0/output_0004/i0001232_s12_m17.jpg
data/images/03_09_2020_1/output_0035/i0000666_s12_m16.jpg
data/images/03_09_2020_1/output_0044/i0000439_s12_m18.jpg
data/images/03_10_2020_1/output_0008/i0000524_s12_m16.jpg
data/images/03_10_2020_1/output_0007/i0000072_s12_m16.jpg
data/images/03_06_2020_0/output_0006/i0000222_s12_m17.jpg
data/images/03_10_2020_1/output_0013/i0000806_s12_m16.jpg
data/images/03_10_2020_1/output_0011/i0000647_s12_m16.jpg
data/images/03_09_2020_1/output_0032/i0000756_s12_m17.jpg
data/images/03_09_2020_1/output_0043/i0000738_s12_m17.jpg
data/images/03_10_2020_1/output_0011/i0000827_s12_m16.jpg
data/images/03_09_2020_1/output_0026/i0000367_s12_m16.jpg
data/images/03_09_2020_1/output_0033/i0000379_s12_m16.jpg
data/images/03_10_2020_1/output_0003/i0000419_s12_m16.jpg
data/images/03_09_2020_1/output_0036/i0000638_s12_m16.jpg
data/images/03_10_2020_1/output_0004/i0000759_s12_m16.jpg
data/images/03_09_2020_1/output_0032/i0000462_s12_m17.jpg
data/images/03_09_2020_1/output_0026/i0000066_s12_m17.jpg
data/images/03_09_2020_1/output_0039/i0000018_s12_m17.jpg
data/images/03_10_2020_1/output_0013/i0000710_s12_m16.jpg
data/images/03_09_2020_1/output_0033/i0000096_s12_m16.jpg
data/images/03_09_2020_1/output_0013/i0000165_s12_m16.jpg
data/images/03_10_2020_1/output_0005/i0000519_s12_m16.jpg
data/images/03_10_2020_1/output_0011/i0000374_s12_m16.jpg
data/images/03_09_2020_1/output_0020/i0000181_s12_m17.jpg
data/images/03_09_2020_1/output_0035/i0000375_s12_m17.jpg
data/images/03_10_2020_1/output_0007/i0000708_s12_m16.jpg
data/images/03_10_2020_1/output_0007/i0000378_s12_m16.jpg
data/images/03_10_2020_1/output_0010/i0000052_s12_m16.jpg
data/images/03_09_2020_1/output_0031/i0000861_s12_m16.jpg
data/images/03_06_2020_0/output_0008/i0000861_s12_m16.jpg
data/images/03_10_2020_1/output_0005/i0000359_s12_m16.jpg
data/images/03_09_2020_1/output_0040/i0000165_s12_m16.jpg
data/images/03_10_2020_1/output_0009/i0000683_s12_m16.jpg
data/images/03_09_2020_1/output_0043/i0000502_s12_m17.jpg
data/images/03_09_2020_1/output_0034/i0000302_s12_m16.jpg
data/images/03_06_2020_0/output_0006/i0000577_s12_m16.jpg
data/images/03_10_2020_1/output_0000/i0000164_s12_m16.jpg
data/images/03_10_2020_1/output_0006/i0000322_s12_m16.jpg
data/images/03_09_2020_1/output_0037/i0000363_s12_m17.jpg
data/images/03_06_2020_0/output_0006/i0000208_s12_m16.jpg
data/images/03_09_2020_1/output_0044/i0000314_s12_m18.jpg
data/images/03_09_2020_1/output_0018/i0000353_s12_m17.jpg
data/images/03_06_2020_0/output_0006/i0001241_s12_m16.jpg
data/images/03_10_2020_1/output_0006/i0000274_s12_m16.jpg
data/images/03_10_2020_1/output_0013/i0000432_s12_m16.jpg
data/images/03_10_2020_1/output_0005/i0001058_s12_m16.jpg
data/images/03_09_2020_1/output_0024/i0000376_s12_m17.jpg
data/images/03_06_2020_0/output_0006/i0001048_s12_m17.jpg
data/images/03_09_2020_1/output_0044/i0000411_s12_m18.jpg
data/images/03_10_2020_1/output_0008/i0000939_s12_m16.jpg
data/images/03_09_2020_1/output_0033/i0000419_s12_m17.jpg
data/images/03_09_2020_1/output_0043/i0000711_s12_m17.jpg
data/images/03_09_2020_1/output_0023/i0000072_s12_m17.jpg
data/images/03_06_2020_0/output_0009/i0000016_s12_m17.jpg
data/images/03_09_2020_1/output_0041/i0000585_s12_m17.jpg
data/images/03_09_2020_1/output_0022/i0000446_s12_m17.jpg
data/images/03_09_2020_1/output_0043/i0000204_s12_m17.jpg
data/images/03_09_2020_1/output_0015/i0000540_s12_m17.jpg
data/images/03_09_2020_1/output_0037/i0000038_s12_m17.jpg
data/images/03_09_2020_1/output_0035/i0000152_s12_m17.jpg
data/images/03_10_2020_1/output_0013/i0000580_s12_m16.jpg
data/images/03_10_2020_1/output_0014/i0000848_s12_m16.jpg
data/images/03_06_2020_0/output_0008/i0000369_s12_m17.jpg
data/images/03_10_2020_1/output_0003/i0000811_s12_m16.jpg
data/images/03_10_2020_1/output_0013/i0000491_s12_m16.jpg
data/images/03_09_2020_1/output_0041/i0000714_s12_m16.jpg
data/images/03_09_2020_1/output_0029/i0000173_s12_m17.jpg
data/images/03_09_2020_1/output_0031/i0000168_s12_m16.jpg
data/images/03_10_2020_1/output_0006/i0000817_s12_m16.jpg
data/images/03_06_2020_0/output_0011/i0001428_s12_m18.jpg
data/images/03_09_2020_1/output_0032/i0000801_s12_m17.jpg
data/images/03_09_2020_1/output_0035/i0000309_s12_m17.jpg
data/images/03_09_2020_1/output_0013/i0000436_s12_m16.jpg
data/images/03_09_2020_1/output_0027/i0000130_s12_m18.jpg
data/images/03_10_2020_1/output_0013/i0000887_s12_m16.jpg
data/images/03_06_2020_0/output_0004/i0000960_s12_m16.jpg
data/images/03_06_2020_0/output_0006/i0001251_s12_m17.jpg
data/images/03_09_2020_1/output_0013/i0000144_s12_m16.jpg
data/images/03_06_2020_0/output_0011/i0001048_s12_m17.jpg
data/images/03_09_2020_1/output_0029/i0000373_s12_m16.jpg
data/images/03_09_2020_1/output_0033/i0000716_s12_m16.jpg
data/images/03_09_2020_1/output_0041/i0000696_s12_m16.jpg
data/images/03_09_2020_1/output_0041/i0000660_s12_m17.jpg
data/images/03_09_2020_1/output_0041/i0000415_s12_m17.jpg
data/images/03_10_2020_1/output_0012/i0000167_s12_m16.jpg
data/images/03_09_2020_1/output_0033/i0000594_s12_m16.jpg
data/images/03_09_2020_1/output_0043/i0000720_s12_m17.jpg
data/images/03_10_2020_1/output_0000/i0000681_s12_m16.jpg
data/images/03_09_2020_1/output_0032/i0000718_s12_m17.jpg
data/images/03_09_2020_1/output_0041/i0000713_s12_m16.jpg
data/images/03_10_2020_1/output_0000/i0000070_s12_m16.jpg
data/images/03_09_2020_1/output_0037/i0000329_s12_m17.jpg
data/images/03_10_2020_1/output_0013/i0000603_s12_m16.jpg
data/images/03_09_2020_1/output_0033/i0000561_s12_m16.jpg
data/images/03_09_2020_1/output_0043/i0000423_s12_m17.jpg
data/images/03_10_2020_1/output_0007/i0000655_s12_m16.jpg
data/images/03_09_2020_1/output_0021/i0000242_s12_m17.jpg
data/images/03_10_2020_1/output_0003/i0000702_s12_m16.jpg
data/images/03_09_2020_1/output_0037/i0000574_s12_m16.jpg
data/images/03_10_2020_1/output_0000/i0000161_s12_m16.jpg
data/images/03_06_2020_0/output_0006/i0001349_s12_m17.jpg
data/images/03_06_2020_0/output_0006/i0000225_s12_m17.jpg
data/images/03_09_2020_1/output_0038/i0000517_s12_m17.jpg
data/images/03_10_2020_1/output_0013/i0000542_s12_m16.jpg
data/images/03_06_2020_0/output_0004/i0001175_s12_m16.jpg
data/images/03_09_2020_1/output_0022/i0000046_s12_m16.jpg
data/images/03_09_2020_1/output_0043/i0000028_s12_m17.jpg
data/images/03_10_2020_1/output_0005/i0000622_s12_m16.jpg
data/images/03_09_2020_1/output_0044/i0000266_s12_m18.jpg
data/images/03_09_2020_1/output_0029/i0000105_s12_m18.jpg
data/images/03_09_2020_1/output_0043/i0000303_s12_m17.jpg
data/images/03_09_2020_1/output_0032/i0000468_s12_m17.jpg
data/images/03_09_2020_1/output_0027/i0000225_s12_m18.jpg
data/images/03_10_2020_1/output_0006/i0000599_s12_m16.jpg
data/images/03_09_2020_1/output_0035/i0000434_s12_m16.jpg
data/images/03_09_2020_1/output_0043/i0000161_s12_m17.jpg
data/images/03_09_2020_1/output_0013/i0000453_s12_m17.jpg
data/images/03_06_2020_0/output_0006/i0001079_s12_m16.jpg
data/images/03_10_2020_1/output_0009/i0000660_s12_m16.jpg
data/images/03_10_2020_1/output_0011/i0000418_s12_m16.jpg
data/images/03_10_2020_1/output_0006/i0000428_s12_m16.jpg
data/images/03_10_2020_1/output_0005/i0000442_s12_m16.jpg
data/images/03_06_2020_0/output_0006/i0000806_s12_m16.jpg
data/images/03_09_2020_1/output_0031/i0000830_s12_m17.jpg
data/images/03_10_2020_1/output_0013/i0000783_s12_m16.jpg
data/images/03_09_2020_1/output_0013/i0000171_s12_m16.jpg
data/images/03_09_2020_1/output_0024/i0000035_s12_m17.jpg
data/images/03_09_2020_1/output_0034/i0000068_s12_m16.jpg
data/images/03_10_2020_1/output_0004/i0000728_s12_m16.jpg
data/images/03_10_2020_1/output_0012/i0000462_s12_m16.jpg
data/images/03_10_2020_1/output_0012/i0000217_s12_m16.jpg
data/images/03_10_2020_1/output_0015/i0000242_s12_m16.jpg
data/images/03_10_2020_1/output_0005/i0000235_s12_m16.jpg
data/images/03_09_2020_1/output_0019/i0000414_s12_m17.jpg
data/images/03_06_2020_0/output_0011/i0000601_s12_m17.jpg
data/images/03_09_2020_1/output_0019/i0000276_s12_m17.jpg
data/images/03_10_2020_1/output_0005/i0000646_s12_m16.jpg
data/images/03_09_2020_1/output_0038/i0000274_s12_m16.jpg
data/images/03_10_2020_1/output_0000/i0000184_s12_m16.jpg
data/images/03_09_2020_1/output_0037/i0000537_s12_m17.jpg
data/images/03_10_2020_1/output_0000/i0000178_s12_m16.jpg
data/images/03_09_2020_1/output_0034/i0000213_s12_m16.jpg
data/images/03_09_2020_1/output_0041/i0000265_s12_m17.jpg
data/images/03_10_2020_1/output_0015/i0000830_s12_m16.jpg
data/images/03_09_2020_1/output_0013/i0000312_s12_m16.jpg
data/images/03_09_2020_1/output_0030/i0000628_s12_m17.jpg
data/images/03_10_2020_1/output_0008/i0000154_s12_m16.jpg
data/images/03_09_2020_1/output_0023/i0000564_s12_m16.jpg
data/images/03_10_2020_1/output_0009/i0000421_s12_m16.jpg
data/images/03_10_2020_1/output_0016/i0000100_s12_m18.jpg
data/images/03_09_2020_1/output_0022/i0000140_s12_m16.jpg
data/images/03_06_2020_0/output_0006/i0000102_s12_m16.jpg
data/images/03_10_2020_1/output_0014/i0000680_s12_m16.jpg
data/images/03_09_2020_1/output_0038/i0000414_s12_m16.jpg
data/images/03_10_2020_1/output_0000/i0000268_s12_m16.jpg
data/images/03_09_2020_1/output_0039/i0000266_s12_m17.jpg
data/images/03_09_2020_1/output_0032/i0000106_s12_m16.jpg
data/images/03_09_2020_1/output_0030/i0000437_s12_m17.jpg
data/images/03_10_2020_1/output_0009/i0000783_s12_m16.jpg
data/images/03_10_2020_1/output_0015/i0000787_s12_m16.jpg
data/images/03_06_2020_0/output_0006/i0000837_s12_m17.jpg
data/images/03_10_2020_1/output_0003/i0000294_s12_m16.jpg
data/images/03_10_2020_1/output_0011/i0000954_s12_m16.jpg
data/images/03_09_2020_1/output_0019/i0000672_s12_m17.jpg
data/images/03_09_2020_1/output_0022/i0000048_s12_m16.jpg
data/images/03_10_2020_1/output_0004/i0000758_s12_m16.jpg
data/images/03_09_2020_1/output_0020/i0000655_s12_m17.jpg
data/images/03_09_2020_1/output_0038/i0000526_s12_m17.jpg
data/images/03_09_2020_1/output_0037/i0000182_s12_m16.jpg
data/images/03_06_2020_0/output_0008/i0000445_s12_m17.jpg
data/images/03_09_2020_1/output_0021/i0000096_s12_m16.jpg
data/images/03_10_2020_1/output_0008/i0000294_s12_m16.jpg
data/images/03_10_2020_1/output_0005/i0000463_s12_m16.jpg
data/images/03_09_2020_1/output_0038/i0000340_s12_m17.jpg
data/images/03_10_2020_1/output_0000/i0000491_s12_m16.jpg
data/images/03_09_2020_1/output_0024/i0000318_s12_m17.jpg
data/images/03_09_2020_1/output_0040/i0000574_s12_m17.jpg
data/images/03_09_2020_1/output_0029/i0000555_s12_m16.jpg
data/images/03_09_2020_1/output_0033/i0000569_s12_m16.jpg
data/images/03_10_2020_1/output_0005/i0001076_s12_m16.jpg
data/images/03_09_2020_1/output_0026/i0000555_s12_m17.jpg
data/images/03_09_2020_1/output_0033/i0000152_s12_m16.jpg
data/images/03_10_2020_1/output_0011/i0000458_s12_m16.jpg
data/images/03_09_2020_1/output_0044/i0000130_s12_m17.jpg
data/images/03_09_2020_1/output_0034/i0000060_s12_m16.jpg
data/images/03_10_2020_1/output_0008/i0000228_s12_m16.jpg
data/images/03_06_2020_0/output_0011/i0001089_s12_m17.jpg
data/images/03_10_2020_1/output_0005/i0000406_s12_m16.jpg
data/images/03_09_2020_1/output_0034/i0000138_s12_m16.jpg
data/images/03_09_2020_1/output_0031/i0000601_s12_m16.jpg
data/images/03_09_2020_1/output_0043/i0000686_s12_m17.jpg
data/images/03_10_2020_1/output_0005/i0000979_s12_m16.jpg
data/images/03_10_2020_1/output_0008/i0000297_s12_m16.jpg
data/images/03_09_2020_1/output_0039/i0000402_s12_m17.jpg
data/images/03_10_2020_1/output_0007/i0000607_s12_m16.jpg
data/images/03_10_2020_1/output_0003/i0000104_s12_m16.jpg
data/images/03_09_2020_1/output_0019/i0000256_s12_m16.jpg
data/images/03_09_2020_1/output_0033/i0000122_s12_m16.jpg
data/images/03_09_2020_1/output_0032/i0000436_s12_m17.jpg
data/images/03_06_2020_0/output_0008/i0001463_s12_m17.jpg
data/images/03_10_2020_1/output_0001/i0000093_s12_m16.jpg
data/images/03_09_2020_1/output_0015/i0000105_s12_m17.jpg
data/images/03_06_2020_0/output_0004/i0001359_s12_m16.jpg
data/images/03_09_2020_1/output_0017/i0000078_s12_m17.jpg
data/images/03_10_2020_1/output_0011/i0000873_s12_m16.jpg
data/images/03_09_2020_1/output_0026/i0000118_s12_m17.jpg
data/images/03_10_2020_1/output_0015/i0000938_s12_m17.jpg
data/images/03_10_2020_1/output_0001/i0000199_s12_m16.jpg
data/images/03_09_2020_1/output_0021/i0000177_s12_m16.jpg
data/images/03_06_2020_0/output_0006/i0000176_s12_m17.jpg
data/images/03_10_2020_1/output_0011/i0000957_s12_m16.jpg
data/images/03_10_2020_1/output_0003/i0000622_s12_m16.jpg
data/images/03_06_2020_0/output_0008/i0000625_s12_m17.jpg
data/images/03_09_2020_1/output_0040/i0000332_s12_m16.jpg
data/images/03_09_2020_1/output_0021/i0000323_s12_m17.jpg
data/images/03_10_2020_1/output_0007/i0000676_s12_m16.jpg
data/images/03_06_2020_0/output_0009/i0001121_s12_m17.jpg
data/images/03_10_2020_1/output_0007/i0000735_s12_m16.jpg
data/images/03_09_2020_1/output_0037/i0000782_s12_m16.jpg
data/images/03_09_2020_1/output_0035/i0000358_s12_m17.jpg
data/images/03_10_2020_1/output_0006/i0000498_s12_m16.jpg
data/images/03_09_2020_1/output_0024/i0000504_s12_m17.jpg
data/images/03_10_2020_1/output_0009/i0000090_s12_m16.jpg
data/images/03_09_2020_1/output_0041/i0000465_s12_m17.jpg
data/images/03_10_2020_1/output_0006/i0000055_s12_m16.jpg
data/images/03_10_2020_1/output_0003/i0000762_s12_m16.jpg
data/images/03_09_2020_1/output_0043/i0000181_s12_m17.jpg
data/images/03_10_2020_1/output_0009/i0000087_s12_m16.jpg
data/images/03_06_2020_0/output_0006/i0000783_s12_m15.jpg
data/images/03_09_2020_1/output_0037/i0000620_s12_m17.jpg
data/images/03_10_2020_1/output_0011/i0000230_s12_m16.jpg
data/images/03_09_2020_1/output_0036/i0000026_s12_m17.jpg
data/images/03_06_2020_0/output_0008/i0000326_s12_m17.jpg
data/images/03_09_2020_1/output_0016/i0000538_s12_m15.jpg
data/images/03_10_2020_1/output_0015/i0000699_s12_m16.jpg
data/images/03_06_2020_0/output_0008/i0000025_s12_m16.jpg
data/images/03_09_2020_1/output_0040/i0000579_s12_m17.jpg
data/images/03_09_2020_1/output_0021/i0000542_s12_m17.jpg
data/images/03_09_2020_1/output_0018/i0000125_s12_m16.jpg
data/images/03_06_2020_0/output_0011/i0000780_s12_m17.jpg
data/images/03_09_2020_1/output_0039/i0000160_s12_m16.jpg
data/images/03_09_2020_1/output_0026/i0000390_s12_m17.jpg
data/images/03_06_2020_0/output_0011/i0001057_s12_m17.jpg
data/images/03_10_2020_1/output_0008/i0000392_s12_m16.jpg
data/images/03_09_2020_1/output_0024/i0000633_s12_m17.jpg
data/images/03_09_2020_1/output_0038/i0000529_s12_m17.jpg
data/images/03_10_2020_1/output_0012/i0000506_s12_m16.jpg
data/images/03_09_2020_1/output_0043/i0000304_s12_m17.jpg
data/images/03_09_2020_1/output_0039/i0000219_s12_m17.jpg
data/images/03_06_2020_0/output_0006/i0001052_s12_m17.jpg
data/images/03_09_2020_1/output_0026/i0000334_s12_m17.jpg
data/images/03_06_2020_0/output_0008/i0000464_s12_m17.jpg
data/images/03_09_2020_1/output_0042/i0000734_s12_m17.jpg
data/images/03_10_2020_1/output_0003/i0000658_s12_m16.jpg
data/images/03_09_2020_1/output_0032/i0000144_s12_m17.jpg
data/images/03_09_2020_1/output_0043/i0000490_s12_m17.jpg
data/images/03_09_2020_1/output_0040/i0000578_s12_m17.jpg
data/images/03_06_2020_0/output_0008/i0000690_s12_m16.jpg
data/images/03_09_2020_1/output_0019/i0000309_s12_m17.jpg
data/images/03_09_2020_1/output_0037/i0000474_s12_m17.jpg
data/images/03_06_2020_0/output_0008/i0000306_s12_m17.jpg
data/images/03_10_2020_1/output_0011/i0000064_s12_m16.jpg
data/images/03_09_2020_1/output_0022/i0000060_s12_m16.jpg
data/images/03_09_2020_1/output_0023/i0000533_s12_m16.jpg
data/images/03_09_2020_1/output_0042/i0000329_s12_m16.jpg
data/images/03_09_2020_1/output_0033/i0000434_s12_m17.jpg
data/images/03_06_2020_0/output_0008/i0000405_s12_m16.jpg
data/images/03_09_2020_1/output_0034/i0000407_s12_m16.jpg
data/images/03_09_2020_1/output_0042/i0000199_s12_m16.jpg
data/images/03_06_2020_0/output_0006/i0000720_s12_m17.jpg
data/images/03_06_2020_0/output_0008/i0001428_s12_m17.jpg
data/images/03_10_2020_1/output_0003/i0000516_s12_m16.jpg
data/images/03_10_2020_1/output_0009/i0000629_s12_m16.jpg
data/images/03_06_2020_0/output_0006/i0000542_s12_m16.jpg
data/images/03_10_2020_1/output_0014/i0000812_s12_m16.jpg
data/images/03_09_2020_1/output_0023/i0000074_s12_m16.jpg
data/images/03_06_2020_0/output_0008/i0000860_s12_m16.jpg
data/images/03_09_2020_1/output_0030/i0000840_s12_m17.jpg
data/images/03_10_2020_1/output_0003/i0000908_s12_m16.jpg
data/images/03_09_2020_1/output_0040/i0000324_s12_m16.jpg
data/images/03_09_2020_1/output_0033/i0000480_s12_m17.jpg
data/images/03_10_2020_1/output_0012/i0000114_s12_m16.jpg
data/images/03_10_2020_1/output_0013/i0000417_s12_m16.jpg
data/images/03_09_2020_1/output_0038/i0000157_s12_m16.jpg
data/images/03_09_2020_1/output_0030/i0000693_s12_m17.jpg
data/images/03_09_2020_1/output_0034/i0000038_s12_m16.jpg
data/images/03_10_2020_1/output_0011/i0000579_s12_m16.jpg
data/images/03_09_2020_1/output_0030/i0000429_s12_m17.jpg
data/images/03_09_2020_1/output_0037/i0000155_s12_m16.jpg
data/images/03_09_2020_1/output_0026/i0000115_s12_m16.jpg
data/images/03_09_2020_1/output_0033/i0000610_s12_m16.jpg
data/images/03_09_2020_1/output_0042/i0000548_s12_m17.jpg
data/images/03_10_2020_1/output_0009/i0000055_s12_m16.jpg
data/images/03_09_2020_1/output_0035/i0000691_s12_m16.jpg
data/images/03_09_2020_1/output_0026/i0000163_s12_m16.jpg
data/images/03_10_2020_1/output_0008/i0000923_s12_m16.jpg
data/images/03_09_2020_1/output_0043/i0000395_s12_m17.jpg
data/images/03_06_2020_0/output_0011/i0000834_s12_m17.jpg
data/images/03_06_2020_0/output_0009/i0000938_s12_m17.jpg
data/images/03_09_2020_1/output_0041/i0000474_s12_m17.jpg
data/images/03_09_2020_1/output_0030/i0000758_s12_m16.jpg
data/images/03_09_2020_1/output_0041/i0000437_s12_m17.jpg
data/images/03_10_2020_1/output_0015/i0000180_s12_m16.jpg
data/images/03_09_2020_1/output_0039/i0000595_s12_m17.jpg
data/images/03_10_2020_1/output_0011/i0001096_s12_m16.jpg
data/images/03_10_2020_1/output_0012/i0000803_s12_m16.jpg
data/images/03_09_2020_1/output_0042/i0000238_s12_m16.jpg
data/images/03_06_2020_0/output_0008/i0001409_s12_m17.jpg
data/images/03_09_2020_1/output_0038/i0000358_s12_m17.jpg
data/images/03_10_2020_1/output_0011/i0000578_s12_m16.jpg
data/images/03_09_2020_1/output_0032/i0000941_s12_m17.jpg
data/images/03_10_2020_1/output_0013/i0000639_s12_m16.jpg
data/images/03_09_2020_1/output_0038/i0000640_s12_m16.jpg
data/images/03_10_2020_1/output_0005/i0000302_s12_m16.jpg
data/images/03_10_2020_1/output_0016/i0000351_s12_m18.jpg
data/images/03_09_2020_1/output_0021/i0000246_s12_m17.jpg
data/images/03_09_2020_1/output_0029/i0000301_s12_m17.jpg
data/images/03_09_2020_1/output_0019/i0000187_s12_m16.jpg
data/images/03_10_2020_1/output_0007/i0000316_s12_m16.jpg
data/images/03_10_2020_1/output_0011/i0000514_s12_m16.jpg
data/images/03_09_2020_1/output_0037/i0000729_s12_m17.jpg
data/images/03_10_2020_1/output_0006/i0000040_s12_m16.jpg
data/images/03_10_2020_1/output_0008/i0001003_s12_m16.jpg
data/images/03_09_2020_1/output_0033/i0000650_s12_m16.jpg
data/images/03_10_2020_1/output_0009/i0000146_s12_m16.jpg
data/images/03_09_2020_1/output_0026/i0000550_s12_m17.jpg
data/images/03_09_2020_1/output_0026/i0000337_s12_m17.jpg
data/images/03_09_2020_1/output_0030/i0000650_s12_m16.jpg
data/images/03_10_2020_1/output_0014/i0000852_s12_m16.jpg
data/images/03_10_2020_1/output_0006/i0000089_s12_m16.jpg
data/images/03_09_2020_1/output_0037/i0000781_s12_m16.jpg
data/images/03_06_2020_0/output_0008/i0001362_s12_m17.jpg
data/images/03_10_2020_1/output_0012/i0000767_s12_m16.jpg
data/images/03_10_2020_1/output_0012/i0000812_s12_m16.jpg
data/images/03_09_2020_1/output_0044/i0000227_s12_m18.jpg
data/images/03_10_2020_1/output_0007/i0000369_s12_m16.jpg
data/images/03_09_2020_1/output_0042/i0000791_s12_m16.jpg
data/images/03_10_2020_1/output_0015/i0000243_s12_m16.jpg
data/images/03_09_2020_1/output_0036/i0000704_s12_m17.jpg
data/images/03_09_2020_1/output_0030/i0000696_s12_m17.jpg
data/images/03_06_2020_0/output_0008/i0000521_s12_m17.jpg
data/images/03_10_2020_1/output_0000/i0000694_s12_m15.jpg
data/images/03_06_2020_0/output_0006/i0000669_s12_m17.jpg
data/images/03_09_2020_1/output_0021/i0000119_s12_m16.jpg
data/images/03_10_2020_1/output_0004/i0000498_s12_m16.jpg
data/images/03_09_2020_1/output_0042/i0000193_s12_m17.jpg
data/images/03_10_2020_1/output_0009/i0000221_s12_m16.jpg
data/images/03_09_2020_1/output_0026/i0000078_s12_m16.jpg
data/images/03_09_2020_1/output_0033/i0000089_s12_m16.jpg
data/images/03_09_2020_1/output_0023/i0000113_s12_m17.jpg
data/images/03_09_2020_1/output_0024/i0000672_s12_m17.jpg
data/images/03_09_2020_1/output_0030/i0000101_s12_m16.jpg
data/images/03_09_2020_1/output_0035/i0000420_s12_m16.jpg
data/images/03_09_2020_1/output_0036/i0000336_s12_m16.jpg
data/images/03_06_2020_0/output_0004/i0000375_s12_m16.jpg
data/images/03_09_2020_1/output_0032/i0000265_s12_m17.jpg
data/images/03_10_2020_1/output_0005/i0000086_s12_m15.jpg
data/images/03_06_2020_0/output_0004/i0000377_s12_m16.jpg
data/images/03_09_2020_1/output_0038/i0000120_s12_m16.jpg
data/images/03_09_2020_1/output_0018/i0000276_s12_m16.jpg
data/images/03_10_2020_1/output_0012/i0000595_s12_m16.jpg
data/images/03_09_2020_1/output_0038/i0000537_s12_m17.jpg
data/images/03_06_2020_0/output_0009/i0000082_s12_m17.jpg
data/images/03_09_2020_1/output_0033/i0000286_s12_m16.jpg
data/images/03_09_2020_1/output_0031/i0000502_s12_m17.jpg
data/images/03_10_2020_1/output_0006/i0000057_s12_m16.jpg
data/images/03_06_2020_0/output_0004/i0000700_s12_m16.jpg
data/images/03_09_2020_1/output_0018/i0000395_s12_m16.jpg
data/images/03_10_2020_1/output_0010/i0000696_s12_m16.jpg
data/images/03_10_2020_1/output_0000/i0000385_s12_m16.jpg
data/images/03_10_2020_1/output_0004/i0000640_s12_m16.jpg
data/images/03_09_2020_1/output_0036/i0000099_s12_m17.jpg
data/images/03_09_2020_1/output_0031/i0000746_s12_m17.jpg
data/images/03_10_2020_1/output_0016/i0000039_s12_m18.jpg
data/images/03_09_2020_1/output_0024/i0000321_s12_m17.jpg
data/images/03_06_2020_0/output_0011/i0000119_s12_m17.jpg
data/images/03_09_2020_1/output_0017/i0000025_s12_m15.jpg
data/images/03_09_2020_1/output_0039/i0000326_s12_m16.jpg
data/images/03_10_2020_1/output_0011/i0000832_s12_m16.jpg
data/images/03_09_2020_1/output_0044/i0000265_s12_m18.jpg
data/images/03_10_2020_1/output_0008/i0000676_s12_m15.jpg
data/images/03_06_2020_0/output_0006/i0001265_s12_m17.jpg
data/images/03_06_2020_0/output_0006/i0000991_s12_m17.jpg
data/images/03_10_2020_1/output_0000/i0000306_s12_m16.jpg
data/images/03_10_2020_1/output_0012/i0000621_s12_m16.jpg
data/images/03_10_2020_1/output_0009/i0000593_s12_m16.jpg
data/images/03_10_2020_1/output_0009/i0000663_s12_m16.jpg
data/images/03_10_2020_1/output_0010/i0000871_s12_m16.jpg
data/images/03_06_2020_0/output_0011/i0000437_s12_m16.jpg
data/images/03_10_2020_1/output_0004/i0000255_s12_m16.jpg
data/images/03_10_2020_1/output_0014/i0000500_s12_m16.jpg
data/images/03_09_2020_1/output_0026/i0000299_s12_m17.jpg
data/images/03_10_2020_1/output_0008/i0000937_s12_m16.jpg
data/images/03_09_2020_1/output_0041/i0000467_s12_m17.jpg
data/images/03_09_2020_1/output_0032/i0000354_s12_m17.jpg
data/images/03_09_2020_1/output_0022/i0000534_s12_m16.jpg
data/images/03_10_2020_1/output_0014/i0000793_s12_m16.jpg
data/images/03_06_2020_0/output_0009/i0000300_s12_m17.jpg
data/images/03_10_2020_1/output_0009/i0000694_s12_m16.jpg
data/images/03_10_2020_1/output_0013/i0000688_s12_m16.jpg
data/images/03_09_2020_1/output_0031/i0000696_s12_m17.jpg
data/images/03_09_2020_1/output_0043/i0000143_s12_m16.jpg
data/images/03_06_2020_0/output_0004/i0000516_s12_m16.jpg
data/images/03_06_2020_0/output_0011/i0001028_s12_m17.jpg
data/images/03_10_2020_1/output_0015/i0000642_s12_m16.jpg
data/images/03_10_2020_1/output_0016/i0000366_s12_m18.jpg
data/images/03_09_2020_1/output_0021/i0000322_s12_m17.jpg
data/images/03_09_2020_1/output_0018/i0000287_s12_m16.jpg
data/images/03_09_2020_1/output_0044/i0000249_s12_m18.jpg
data/images/03_09_2020_1/output_0029/i0000707_s12_m16.jpg
data/images/03_09_2020_1/output_0023/i0000499_s12_m17.jpg
data/images/03_10_2020_1/output_0004/i0001088_s12_m16.jpg
data/images/03_10_2020_1/output_0012/i0000771_s12_m16.jpg
data/images/03_09_2020_1/output_0041/i0000431_s12_m17.jpg
data/images/03_09_2020_1/output_0044/i0000190_s12_m18.jpg
data/images/03_10_2020_1/output_0007/i0000354_s12_m16.jpg
data/images/03_10_2020_1/output_0004/i0000141_s12_m15.jpg
data/images/03_06_2020_0/output_0008/i0001004_s12_m17.jpg
data/images/03_09_2020_1/output_0038/i0000250_s12_m16.jpg
data/images/03_06_2020_0/output_0006/i0000573_s12_m16.jpg
data/images/03_10_2020_1/output_0012/i0000580_s12_m16.jpg
data/images/03_09_2020_1/output_0029/i0000308_s12_m17.jpg
data/images/03_09_2020_1/output_0020/i0000250_s12_m16.jpg
data/images/03_06_2020_0/output_0004/i0000912_s12_m16.jpg
data/images/03_09_2020_1/output_0043/i0000736_s12_m17.jpg
data/images/03_09_2020_1/output_0034/i0000194_s12_m16.jpg
data/images/03_09_2020_1/output_0041/i0000509_s12_m17.jpg
data/images/03_10_2020_1/output_0005/i0000083_s12_m15.jpg
data/images/03_09_2020_1/output_0036/i0000383_s12_m16.jpg
data/images/03_10_2020_1/output_0007/i0000721_s12_m16.jpg
data/images/03_10_2020_1/output_0013/i0000581_s12_m16.jpg
data/images/03_09_2020_1/output_0043/i0000241_s12_m17.jpg
data/images/03_10_2020_1/output_0011/i0000881_s12_m16.jpg
data/images/03_09_2020_1/output_0029/i0000490_s12_m16.jpg
data/images/03_10_2020_1/output_0014/i0000070_s12_m16.jpg
data/images/03_09_2020_1/output_0036/i0000348_s12_m16.jpg
data/images/03_10_2020_1/output_0014/i0000220_s12_m15.jpg
data/images/03_06_2020_0/output_0006/i0001127_s12_m16.jpg
data/images/03_09_2020_1/output_0019/i0000494_s12_m17.jpg
data/images/03_06_2020_0/output_0004/i0001405_s12_m16.jpg
data/images/03_09_2020_1/output_0037/i0000422_s12_m17.jpg
data/images/03_09_2020_1/output_0036/i0000113_s12_m17.jpg
data/images/03_06_2020_0/output_0006/i0001268_s12_m17.jpg
data/images/03_10_2020_1/output_0014/i0000261_s12_m16.jpg
data/images/03_06_2020_0/output_0011/i0000950_s12_m17.jpg
data/images/03_09_2020_1/output_0024/i0000427_s12_m17.jpg
data/images/03_09_2020_1/output_0043/i0000424_s12_m17.jpg
data/images/03_10_2020_1/output_0013/i0000159_s12_m16.jpg
data/images/03_09_2020_1/output_0024/i0000283_s12_m17.jpg
data/images/03_09_2020_1/output_0024/i0000108_s12_m15.jpg
data/images/03_06_2020_0/output_0004/i0000639_s12_m17.jpg
data/images/03_10_2020_1/output_0010/i0000905_s12_m16.jpg
data/images/03_09_2020_1/output_0038/i0000694_s12_m17.jpg
data/images/03_09_2020_1/output_0044/i0000096_s12_m17.jpg
data/images/03_09_2020_1/output_0034/i0000030_s12_m16.jpg
data/images/03_09_2020_1/output_0026/i0000309_s12_m17.jpg
data/images/03_10_2020_1/output_0012/i0000769_s12_m16.jpg
data/images/03_09_2020_1/output_0026/i0000575_s12_m17.jpg
data/images/03_09_2020_1/output_0013/i0000158_s12_m16.jpg
data/images/03_10_2020_1/output_0013/i0000170_s12_m16.jpg
data/images/03_06_2020_0/output_0011/i0000382_s12_m17.jpg
data/images/03_09_2020_1/output_0043/i0000351_s12_m17.jpg
data/images/03_10_2020_1/output_0010/i0000938_s12_m16.jpg
data/images/03_10_2020_1/output_0006/i0000429_s12_m16.jpg
data/images/03_10_2020_1/output_0011/i0000164_s12_m16.jpg
data/images/03_09_2020_1/output_0022/i0000369_s12_m17.jpg
data/images/03_06_2020_0/output_0008/i0000864_s12_m16.jpg
data/images/03_10_2020_1/output_0016/i0000198_s12_m17.jpg
data/images/03_09_2020_1/output_0042/i0000350_s12_m17.jpg
data/images/03_09_2020_1/output_0030/i0000630_s12_m17.jpg
data/images/03_09_2020_1/output_0019/i0000405_s12_m17.jpg
data/images/03_09_2020_1/output_0032/i0000350_s12_m17.jpg
data/images/03_10_2020_1/output_0003/i0000568_s12_m16.jpg
data/images/03_09_2020_1/output_0019/i0000098_s12_m16.jpg
data/images/03_09_2020_1/output_0019/i0000174_s12_m16.jpg
data/images/03_06_2020_0/output_0011/i0000660_s12_m17.jpg
data/images/03_10_2020_1/output_0004/i0000757_s12_m16.jpg
data/images/03_10_2020_1/output_0001/i0000102_s12_m16.jpg
data/images/03_09_2020_1/output_0029/i0000519_s12_m16.jpg
data/images/03_09_2020_1/output_0035/i0000310_s12_m17.jpg
data/images/03_09_2020_1/output_0030/i0000786_s12_m17.jpg
data/images/03_06_2020_0/output_0009/i0000643_s12_m17.jpg
data/images/03_09_2020_1/output_0021/i0000441_s12_m17.jpg
data/images/03_09_2020_1/output_0035/i0000574_s12_m16.jpg
data/images/03_10_2020_1/output_0003/i0000559_s12_m16.jpg
data/images/03_10_2020_1/output_0009/i0000358_s12_m16.jpg
data/images/03_10_2020_1/output_0011/i0001014_s12_m16.jpg
data/images/03_06_2020_0/output_0008/i0000351_s12_m16.jpg
data/images/03_09_2020_1/output_0035/i0000535_s12_m16.jpg
data/images/03_06_2020_0/output_0006/i0000694_s12_m17.jpg
data/images/03_09_2020_1/output_0035/i0000621_s12_m17.jpg
data/images/03_10_2020_1/output_0000/i0000363_s12_m16.jpg
data/images/03_10_2020_1/output_0001/i0000290_s12_m16.jpg
data/images/03_10_2020_1/output_0012/i0000247_s12_m16.jpg
data/images/03_09_2020_1/output_0019/i0000659_s12_m17.jpg
data/images/03_09_2020_1/output_0039/i0000574_s12_m17.jpg
data/images/03_10_2020_1/output_0012/i0000916_s12_m16.jpg
data/images/03_09_2020_1/output_0043/i0000441_s12_m17.jpg
data/images/03_10_2020_1/output_0004/i0000401_s12_m16.jpg
data/images/03_09_2020_1/output_0031/i0000654_s12_m16.jpg
data/images/03_10_2020_1/output_0006/i0000756_s12_m16.jpg
data/images/03_06_2020_0/output_0008/i0001034_s12_m17.jpg
data/images/03_09_2020_1/output_0034/i0000169_s12_m16.jpg
data/images/03_09_2020_1/output_0031/i0000770_s12_m17.jpg
data/images/03_10_2020_1/output_0013/i0000377_s12_m16.jpg
data/images/03_09_2020_1/output_0030/i0000134_s12_m17.jpg
data/images/03_09_2020_1/output_0041/i0000363_s12_m16.jpg
data/images/03_09_2020_1/output_0024/i0000077_s12_m17.jpg
data/images/03_09_2020_1/output_0039/i0000566_s12_m17.jpg
data/images/03_09_2020_1/output_0026/i0000477_s12_m17.jpg
data/images/03_10_2020_1/output_0003/i0000813_s12_m16.jpg
data/images/03_09_2020_1/output_0022/i0000586_s12_m16.jpg
data/images/03_06_2020_0/output_0008/i0001291_s12_m16.jpg
data/images/03_10_2020_1/output_0014/i0000033_s12_m15.jpg
data/images/03_10_2020_1/output_0000/i0000183_s12_m16.jpg
data/images/03_10_2020_1/output_0007/i0000736_s12_m16.jpg
data/images/03_10_2020_1/output_0016/i0000294_s12_m18.jpg
data/images/03_10_2020_1/output_0012/i0000885_s12_m16.jpg
data/images/03_09_2020_1/output_0044/i0000204_s12_m18.jpg
data/images/03_06_2020_0/output_0011/i0000939_s12_m17.jpg
data/images/03_06_2020_0/output_0008/i0000600_s12_m17.jpg
data/images/03_09_2020_1/output_0020/i0000150_s12_m17.jpg
data/images/03_10_2020_1/output_0000/i0000403_s12_m16.jpg
data/images/03_09_2020_1/output_0035/i0000232_s12_m17.jpg
data/images/03_09_2020_1/output_0039/i0000197_s12_m16.jpg
data/images/03_09_2020_1/output_0013/i0000120_s12_m16.jpg
data/images/03_09_2020_1/output_0036/i0000251_s12_m17.jpg
data/images/03_09_2020_1/output_0029/i0000695_s12_m16.jpg
data/images/03_10_2020_1/output_0013/i0000875_s12_m16.jpg
data/images/03_09_2020_1/output_0030/i0000751_s12_m16.jpg
data/images/03_10_2020_1/output_0006/i0000538_s12_m16.jpg
data/images/03_06_2020_0/output_0009/i0001406_s12_m17.jpg
data/images/03_10_2020_1/output_0015/i0000080_s12_m16.jpg
data/images/03_09_2020_1/output_0041/i0000756_s12_m16.jpg
data/images/03_06_2020_0/output_0011/i0000147_s12_m17.jpg
data/images/03_09_2020_1/output_0039/i0000569_s12_m17.jpg
data/images/03_10_2020_1/output_0004/i0000424_s12_m16.jpg
data/images/03_10_2020_1/output_0008/i0000063_s12_m16.jpg
data/images/03_09_2020_1/output_0024/i0000467_s12_m17.jpg
data/images/03_09_2020_1/output_0024/i0000446_s12_m17.jpg
data/images/03_09_2020_1/output_0037/i0000736_s12_m17.jpg
data/images/03_06_2020_0/output_0008/i0000045_s12_m16.jpg
data/images/03_09_2020_1/output_0029/i0000031_s12_m16.jpg
data/images/03_09_2020_1/output_0029/i0000648_s12_m16.jpg
data/images/03_10_2020_1/output_0009/i0000330_s12_m16.jpg
data/images/03_09_2020_1/output_0019/i0000406_s12_m17.jpg
data/images/03_09_2020_1/output_0043/i0000160_s12_m17.jpg
data/images/03_10_2020_1/output_0009/i0000078_s12_m16.jpg
data/images/03_10_2020_1/output_0010/i0000602_s12_m16.jpg
data/images/03_10_2020_1/output_0011/i0000522_s12_m16.jpg
data/images/03_09_2020_1/output_0034/i0000018_s12_m15.jpg
data/images/03_09_2020_1/output_0043/i0000401_s12_m17.jpg
data/images/03_06_2020_0/output_0004/i0001332_s12_m16.jpg
data/images/03_09_2020_1/output_0036/i0000443_s12_m16.jpg
data/images/03_10_2020_1/output_0014/i0000697_s12_m16.jpg
data/images/03_09_2020_1/output_0042/i0000628_s12_m16.jpg
data/images/03_06_2020_0/output_0006/i0000571_s12_m16.jpg
data/images/03_10_2020_1/output_0011/i0001073_s12_m16.jpg
data/images/03_10_2020_1/output_0000/i0000401_s12_m16.jpg
data/images/03_10_2020_1/output_0012/i0000742_s12_m16.jpg
data/images/03_09_2020_1/output_0017/i0000157_s12_m18.jpg
data/images/03_09_2020_1/output_0018/i0000242_s12_m17.jpg
data/images/03_09_2020_1/output_0038/i0000390_s12_m17.jpg
data/images/03_10_2020_1/output_0011/i0001044_s12_m16.jpg
data/images/03_06_2020_0/output_0009/i0000226_s12_m17.jpg
data/images/03_09_2020_1/output_0026/i0000157_s12_m17.jpg
data/images/03_09_2020_1/output_0030/i0000043_s12_m16.jpg
data/images/03_09_2020_1/output_0043/i0000333_s12_m17.jpg
data/images/03_06_2020_0/output_0011/i0000113_s12_m17.jpg
data/images/03_09_2020_1/output_0022/i0000282_s12_m17.jpg
data/images/03_09_2020_1/output_0019/i0000338_s12_m17.jpg
data/images/03_06_2020_0/output_0008/i0000213_s12_m17.jpg
data/images/03_09_2020_1/output_0024/i0000328_s12_m17.jpg
data/images/03_09_2020_1/output_0026/i0000475_s12_m17.jpg
data/images/03_10_2020_1/output_0000/i0000387_s12_m16.jpg
data/images/03_09_2020_1/output_0037/i0000043_s12_m16.jpg
data/images/03_09_2020_1/output_0013/i0000277_s12_m16.jpg
data/images/03_10_2020_1/output_0015/i0000490_s12_m16.jpg
data/images/03_09_2020_1/output_0022/i0000290_s12_m17.jpg
data/images/03_06_2020_0/output_0009/i0001381_s12_m16.jpg
data/images/03_09_2020_1/output_0022/i0000378_s12_m17.jpg
data/images/03_09_2020_1/output_0037/i0000243_s12_m17.jpg
data/images/03_10_2020_1/output_0009/i0000721_s12_m16.jpg
data/images/03_09_2020_1/output_0037/i0000638_s12_m17.jpg
data/images/03_09_2020_1/output_0024/i0000547_s12_m17.jpg
data/images/03_09_2020_1/output_0017/i0000224_s12_m17.jpg
data/images/03_09_2020_1/output_0039/i0000289_s12_m17.jpg
data/images/03_10_2020_1/output_0009/i0000597_s12_m16.jpg
data/images/03_09_2020_1/output_0036/i0000253_s12_m17.jpg
data/images/03_06_2020_0/output_0008/i0000815_s12_m16.jpg
data/images/03_09_2020_1/output_0033/i0000447_s12_m17.jpg
data/images/03_10_2020_1/output_0007/i0000220_s12_m16.jpg
data/images/03_09_2020_1/output_0036/i0000571_s12_m17.jpg
data/images/03_09_2020_1/output_0032/i0000118_s12_m16.jpg
data/images/03_09_2020_1/output_0022/i0000671_s12_m16.jpg
data/images/03_06_2020_0/output_0011/i0000235_s12_m17.jpg
data/images/03_10_2020_1/output_0007/i0000073_s12_m16.jpg
data/images/03_10_2020_1/output_0006/i0000419_s12_m16.jpg
data/images/03_06_2020_0/output_0006/i0000155_s12_m17.jpg
data/images/03_10_2020_1/output_0014/i0000620_s12_m16.jpg
data/images/03_09_2020_1/output_0044/i0000336_s12_m18.jpg
data/images/03_10_2020_1/output_0013/i0000910_s12_m16.jpg
data/images/03_09_2020_1/output_0022/i0000298_s12_m17.jpg
data/images/03_09_2020_1/output_0033/i0000645_s12_m16.jpg
data/images/03_09_2020_1/output_0036/i0000422_s12_m16.jpg
data/images/03_09_2020_1/output_0037/i0000747_s12_m17.jpg
data/images/03_10_2020_1/output_0011/i0000071_s12_m16.jpg
data/images/03_09_2020_1/output_0042/i0000135_s12_m17.jpg
data/images/03_06_2020_0/output_0011/i0000903_s12_m17.jpg
data/images/03_09_2020_1/output_0041/i0000508_s12_m17.jpg
data/images/03_10_2020_1/output_0004/i0000887_s12_m15.jpg
data/images/03_09_2020_1/output_0019/i0000432_s12_m17.jpg
data/images/03_09_2020_1/output_0023/i0000264_s12_m16.jpg
data/images/03_09_2020_1/output_0036/i0000442_s12_m16.jpg
data/images/03_09_2020_1/output_0031/i0000766_s12_m17.jpg
data/images/03_10_2020_1/output_0006/i0000406_s12_m16.jpg
data/images/03_06_2020_0/output_0011/i0000738_s12_m17.jpg
data/images/03_09_2020_1/output_0042/i0000697_s12_m17.jpg
data/images/03_10_2020_1/output_0004/i0000305_s12_m16.jpg
data/images/03_09_2020_1/output_0024/i0000608_s12_m17.jpg
data/images/03_09_2020_1/output_0040/i0000627_s12_m17.jpg
data/images/03_10_2020_1/output_0000/i0000323_s12_m16.jpg
data/images/03_10_2020_1/output_0012/i0000299_s12_m16.jpg
data/images/03_09_2020_1/output_0040/i0000294_s12_m17.jpg
data/images/03_09_2020_1/output_0042/i0000696_s12_m17.jpg
data/images/03_10_2020_1/output_0003/i0000632_s12_m16.jpg
data/images/03_06_2020_0/output_0004/i0001285_s12_m17.jpg
data/images/03_10_2020_1/output_0010/i0000115_s12_m16.jpg
data/images/03_09_2020_1/output_0036/i0000525_s12_m16.jpg
data/images/03_09_2020_1/output_0030/i0000942_s12_m17.jpg
data/images/03_09_2020_1/output_0013/i0000170_s12_m16.jpg
data/images/03_09_2020_1/output_0031/i0000725_s12_m17.jpg
data/images/03_09_2020_1/output_0037/i0000244_s12_m16.jpg
data/images/03_10_2020_1/output_0000/i0000499_s12_m16.jpg
data/images/03_06_2020_0/output_0009/i0001065_s12_m17.jpg
data/images/03_06_2020_0/output_0009/i0001122_s12_m17.jpg
data/images/03_09_2020_1/output_0030/i0000619_s12_m17.jpg
data/images/03_09_2020_1/output_0039/i0000707_s12_m16.jpg
data/images/03_06_2020_0/output_0008/i0000755_s12_m17.jpg
data/images/03_09_2020_1/output_0036/i0000610_s12_m16.jpg
data/images/03_09_2020_1/output_0024/i0000531_s12_m17.jpg
data/images/03_09_2020_1/output_0038/i0000471_s12_m17.jpg
data/images/03_10_2020_1/output_0006/i0000352_s12_m15.jpg
data/images/03_09_2020_1/output_0035/i0000433_s12_m16.jpg
data/images/03_09_2020_1/output_0019/i0000072_s12_m15.jpg
data/images/03_10_2020_1/output_0008/i0001024_s12_m16.jpg
data/images/03_10_2020_1/output_0004/i0001018_s12_m16.jpg
data/images/03_09_2020_1/output_0034/i0000430_s12_m16.jpg
data/images/03_10_2020_1/output_0001/i0000329_s12_m16.jpg
data/images/03_06_2020_0/output_0008/i0000609_s12_m16.jpg
data/images/03_10_2020_1/output_0011/i0000932_s12_m16.jpg
data/images/03_09_2020_1/output_0035/i0000736_s12_m17.jpg
data/images/03_09_2020_1/output_0034/i0000251_s12_m16.jpg
data/images/03_09_2020_1/output_0040/i0000643_s12_m17.jpg
data/images/03_10_2020_1/output_0006/i0000743_s12_m16.jpg
data/images/03_10_2020_1/output_0016/i0000063_s12_m17.jpg
data/images/03_10_2020_1/output_0010/i0000903_s12_m16.jpg
data/images/03_09_2020_1/output_0037/i0000167_s12_m16.jpg
data/images/03_09_2020_1/output_0034/i0000189_s12_m16.jpg
data/images/03_09_2020_1/output_0023/i0000511_s12_m17.jpg
data/images/03_10_2020_1/output_0009/i0000720_s12_m16.jpg
data/images/03_10_2020_1/output_0015/i0000818_s12_m16.jpg
data/images/03_09_2020_1/output_0022/i0000055_s12_m17.jpg
data/images/03_09_2020_1/output_0021/i0000654_s12_m17.jpg
data/images/03_09_2020_1/output_0026/i0000206_s12_m17.jpg
data/images/03_09_2020_1/output_0031/i0000368_s12_m17.jpg
data/images/03_09_2020_1/output_0035/i0000633_s12_m16.jpg
data/images/03_06_2020_0/output_0008/i0000508_s12_m17.jpg
data/images/03_10_2020_1/output_0013/i0000689_s12_m16.jpg
data/images/03_09_2020_1/output_0020/i0000544_s12_m17.jpg
data/images/03_10_2020_1/output_0014/i0000399_s12_m16.jpg
data/images/03_06_2020_0/output_0009/i0000041_s12_m17.jpg
data/images/03_06_2020_0/output_0009/i0000976_s12_m17.jpg
data/images/03_09_2020_1/output_0023/i0000188_s12_m17.jpg
data/images/03_09_2020_1/output_0040/i0000191_s12_m16.jpg
data/images/03_09_2020_1/output_0022/i0000334_s12_m17.jpg
data/images/03_09_2020_1/output_0026/i0000430_s12_m17.jpg
data/images/03_10_2020_1/output_0001/i0000089_s12_m16.jpg
data/images/03_06_2020_0/output_0006/i0000395_s12_m16.jpg
data/images/03_10_2020_1/output_0007/i0000231_s12_m16.jpg
data/images/03_09_2020_1/output_0034/i0000159_s12_m16.jpg
data/images/03_06_2020_0/output_0008/i0000589_s12_m17.jpg
data/images/03_09_2020_1/output_0027/i0000099_s12_m18.jpg
data/images/03_10_2020_1/output_0008/i0000339_s12_m16.jpg
data/images/03_09_2020_1/output_0036/i0000670_s12_m16.jpg
data/images/03_09_2020_1/output_0041/i0000272_s12_m17.jpg
data/images/03_09_2020_1/output_0031/i0000223_s12_m17.jpg
data/images/03_10_2020_1/output_0005/i0000078_s12_m16.jpg
data/images/03_09_2020_1/output_0038/i0000107_s12_m16.jpg
data/images/03_10_2020_1/output_0013/i0000487_s12_m16.jpg
data/images/03_10_2020_1/output_0012/i0000640_s12_m16.jpg
data/images/03_09_2020_1/output_0029/i0000402_s12_m16.jpg
data/images/03_10_2020_1/output_0001/i0000218_s12_m16.jpg
data/images/03_09_2020_1/output_0019/i0000169_s12_m16.jpg
data/images/03_06_2020_0/output_0004/i0000141_s12_m16.jpg
data/images/03_10_2020_1/output_0008/i0000796_s12_m16.jpg
data/images/03_10_2020_1/output_0008/i0000702_s12_m16.jpg
data/images/03_09_2020_1/output_0026/i0000114_s12_m16.jpg
data/images/03_10_2020_1/output_0012/i0000340_s12_m16.jpg
data/images/03_10_2020_1/output_0004/i0000991_s12_m16.jpg
data/images/03_09_2020_1/output_0037/i0000489_s12_m17.jpg
data/images/03_09_2020_1/output_0030/i0000202_s12_m17.jpg
data/images/03_10_2020_1/output_0013/i0000014_s12_m15.jpg
data/images/03_09_2020_1/output_0030/i0000895_s12_m17.jpg
data/images/03_09_2020_1/output_0036/i0000210_s12_m17.jpg
data/images/03_09_2020_1/output_0024/i0000709_s12_m17.jpg
data/images/03_06_2020_0/output_0008/i0000069_s12_m16.jpg
data/images/03_09_2020_1/output_0031/i0000180_s12_m16.jpg
data/images/03_09_2020_1/output_0029/i0000625_s12_m16.jpg
data/images/03_06_2020_0/output_0009/i0000328_s12_m16.jpg
data/images/03_10_2020_1/output_0008/i0001040_s12_m16.jpg
data/images/03_09_2020_1/output_0038/i0000086_s12_m16.jpg
data/images/03_09_2020_1/output_0027/i0000103_s12_m18.jpg
data/images/03_10_2020_1/output_0009/i0000900_s12_m16.jpg
data/images/03_09_2020_1/output_0013/i0000031_s12_m16.jpg
data/images/03_06_2020_0/output_0008/i0000308_s12_m16.jpg
data/images/03_09_2020_1/output_0033/i0000169_s12_m16.jpg
data/images/03_09_2020_1/output_0037/i0000490_s12_m17.jpg
data/images/03_09_2020_1/output_0023/i0000121_s12_m16.jpg
data/images/03_10_2020_1/output_0012/i0000246_s12_m16.jpg
data/images/03_09_2020_1/output_0033/i0000297_s12_m16.jpg
data/images/03_06_2020_0/output_0006/i0000501_s12_m16.jpg
data/images/03_09_2020_1/output_0040/i0000295_s12_m17.jpg
data/images/03_09_2020_1/output_0040/i0000246_s12_m17.jpg
data/images/03_10_2020_1/output_0015/i0000515_s12_m16.jpg
data/images/03_06_2020_0/output_0004/i0000777_s12_m17.jpg
data/images/03_09_2020_1/output_0039/i0000497_s12_m17.jpg
data/images/03_09_2020_1/output_0019/i0000050_s12_m15.jpg
data/images/03_09_2020_1/output_0042/i0000321_s12_m17.jpg
data/images/03_09_2020_1/output_0035/i0000660_s12_m16.jpg
data/images/03_09_2020_1/output_0033/i0000121_s12_m16.jpg
data/images/03_09_2020_1/output_0040/i0000215_s12_m17.jpg
data/images/03_09_2020_1/output_0038/i0000690_s12_m16.jpg
data/images/03_09_2020_1/output_0039/i0000560_s12_m17.jpg
data/images/03_10_2020_1/output_0013/i0000020_s12_m16.jpg
data/images/03_09_2020_1/output_0020/i0000651_s12_m17.jpg
data/images/03_09_2020_1/output_0017/i0000202_s12_m16.jpg
data/images/03_09_2020_1/output_0020/i0000603_s12_m17.jpg
data/images/03_09_2020_1/output_0031/i0000603_s12_m16.jpg
data/images/03_10_2020_1/output_0005/i0001050_s12_m16.jpg
data/images/03_09_2020_1/output_0042/i0000036_s12_m17.jpg
data/images/03_10_2020_1/output_0010/i0000059_s12_m16.jpg
data/images/03_09_2020_1/output_0034/i0000067_s12_m16.jpg
data/images/03_09_2020_1/output_0026/i0000568_s12_m17.jpg
data/images/03_10_2020_1/output_0009/i0000786_s12_m16.jpg
data/images/03_09_2020_1/output_0026/i0000593_s12_m17.jpg
data/images/03_09_2020_1/output_0035/i0000211_s12_m17.jpg
data/images/03_09_2020_1/output_0029/i0000403_s12_m16.jpg
data/images/03_06_2020_0/output_0009/i0000262_s12_m17.jpg
data/images/03_10_2020_1/output_0008/i0000847_s12_m16.jpg
data/images/03_10_2020_1/output_0001/i0000396_s12_m16.jpg
data/images/03_10_2020_1/output_0003/i0000418_s12_m16.jpg
data/images/03_09_2020_1/output_0030/i0000635_s12_m17.jpg
data/images/03_06_2020_0/output_0011/i0001365_s12_m18.jpg
data/images/03_09_2020_1/output_0040/i0000657_s12_m17.jpg
data/images/03_10_2020_1/output_0015/i0000211_s12_m16.jpg
data/images/03_09_2020_1/output_0030/i0000434_s12_m17.jpg
data/images/03_09_2020_1/output_0037/i0000364_s12_m17.jpg
data/images/03_10_2020_1/output_0009/i0000664_s12_m16.jpg
data/images/03_09_2020_1/output_0040/i0000267_s12_m17.jpg
data/images/03_09_2020_1/output_0030/i0000314_s12_m16.jpg
data/images/03_09_2020_1/output_0023/i0000552_s12_m16.jpg
data/images/03_09_2020_1/output_0026/i0000503_s12_m17.jpg
data/images/03_09_2020_1/output_0037/i0000220_s12_m17.jpg
data/images/03_10_2020_1/output_0014/i0000669_s12_m16.jpg
data/images/03_10_2020_1/output_0011/i0000330_s12_m16.jpg
data/images/03_06_2020_0/output_0008/i0000873_s12_m17.jpg
data/images/03_09_2020_1/output_0022/i0000370_s12_m17.jpg
data/images/03_10_2020_1/output_0008/i0000031_s12_m15.jpg
data/images/03_06_2020_0/output_0006/i0000143_s12_m16.jpg
data/images/03_10_2020_1/output_0014/i0000706_s12_m16.jpg
data/images/03_09_2020_1/output_0018/i0000119_s12_m16.jpg
data/images/03_06_2020_0/output_0008/i0000618_s12_m17.jpg
data/images/03_09_2020_1/output_0019/i0000255_s12_m16.jpg
data/images/03_10_2020_1/output_0014/i0000837_s12_m16.jpg
data/images/03_10_2020_1/output_0014/i0000602_s12_m16.jpg
data/images/03_06_2020_0/output_0008/i0000256_s12_m17.jpg
data/images/03_09_2020_1/output_0038/i0000357_s12_m17.jpg
data/images/03_10_2020_1/output_0006/i0000592_s12_m16.jpg
data/images/03_10_2020_1/output_0011/i0000685_s12_m16.jpg
data/images/03_09_2020_1/output_0029/i0000785_s12_m17.jpg
data/images/03_09_2020_1/output_0038/i0000275_s12_m17.jpg
data/images/03_10_2020_1/output_0010/i0000842_s12_m16.jpg
data/images/03_10_2020_1/output_0015/i0000162_s12_m16.jpg
data/images/03_06_2020_0/output_0008/i0000298_s12_m17.jpg
data/images/03_10_2020_1/output_0009/i0000725_s12_m16.jpg
data/images/03_10_2020_1/output_0013/i0000632_s12_m16.jpg
data/images/03_09_2020_1/output_0013/i0000162_s12_m16.jpg
data/images/03_09_2020_1/output_0019/i0000534_s12_m17.jpg
data/images/03_09_2020_1/output_0042/i0000048_s12_m16.jpg
data/images/03_09_2020_1/output_0020/i0000424_s12_m17.jpg
data/images/03_09_2020_1/output_0021/i0000420_s12_m17.jpg
data/images/03_06_2020_0/output_0011/i0001229_s12_m18.jpg
data/images/03_10_2020_1/output_0012/i0000328_s12_m16.jpg
data/images/03_10_2020_1/output_0007/i0000759_s12_m16.jpg
data/images/03_06_2020_0/output_0006/i0001308_s12_m16.jpg
data/images/03_09_2020_1/output_0039/i0000203_s12_m16.jpg
data/images/03_09_2020_1/output_0037/i0000245_s12_m16.jpg
data/images/03_09_2020_1/output_0017/i0000273_s12_m17.jpg
data/images/03_10_2020_1/output_0006/i0000481_s12_m16.jpg
data/images/03_06_2020_0/output_0006/i0000194_s12_m16.jpg
data/images/03_09_2020_1/output_0013/i0000204_s12_m17.jpg
data/images/03_09_2020_1/output_0015/i0000275_s12_m16.jpg
data/images/03_09_2020_1/output_0027/i0000260_s12_m18.jpg
data/images/03_10_2020_1/output_0012/i0000486_s12_m16.jpg
data/images/03_09_2020_1/output_0042/i0000093_s12_m17.jpg
data/images/03_10_2020_1/output_0007/i0000387_s12_m16.jpg
data/images/03_09_2020_1/output_0036/i0000494_s12_m16.jpg
data/images/03_09_2020_1/output_0021/i0000183_s12_m17.jpg
data/images/03_09_2020_1/output_0018/i0000685_s12_m16.jpg
data/images/03_09_2020_1/output_0026/i0000548_s12_m17.jpg
data/images/03_06_2020_0/output_0006/i0001076_s12_m16.jpg
data/images/03_06_2020_0/output_0011/i0000990_s12_m16.jpg
data/images/03_09_2020_1/output_0019/i0000148_s12_m17.jpg
data/images/03_06_2020_0/output_0004/i0001073_s12_m17.jpg
data/images/03_09_2020_1/output_0042/i0000583_s12_m17.jpg
data/images/03_09_2020_1/output_0039/i0000565_s12_m17.jpg
data/images/03_09_2020_1/output_0036/i0000397_s12_m16.jpg
data/images/03_09_2020_1/output_0038/i0000098_s12_m16.jpg
data/images/03_09_2020_1/output_0021/i0000328_s12_m17.jpg
data/images/03_09_2020_1/output_0039/i0000472_s12_m16.jpg
data/images/03_10_2020_1/output_0005/i0000494_s12_m16.jpg
data/images/03_10_2020_1/output_0003/i0000027_s12_m16.jpg
data/images/03_06_2020_0/output_0006/i0001351_s12_m17.jpg
data/images/03_09_2020_1/output_0018/i0000062_s12_m16.jpg
data/images/03_09_2020_1/output_0032/i0000649_s12_m17.jpg
data/images/03_10_2020_1/output_0008/i0001023_s12_m16.jpg
data/images/03_10_2020_1/output_0011/i0001002_s12_m16.jpg
data/images/03_06_2020_0/output_0008/i0000416_s12_m17.jpg
data/images/03_09_2020_1/output_0040/i0000018_s12_m16.jpg
data/images/03_10_2020_1/output_0012/i0000214_s12_m16.jpg
data/images/03_09_2020_1/output_0026/i0000388_s12_m17.jpg
data/images/03_06_2020_0/output_0006/i0000202_s12_m16.jpg
data/images/03_10_2020_1/output_0011/i0000485_s12_m16.jpg
data/images/03_09_2020_1/output_0035/i0000584_s12_m16.jpg
data/images/03_09_2020_1/output_0036/i0000307_s12_m16.jpg
data/images/03_09_2020_1/output_0035/i0000373_s12_m17.jpg
data/images/03_06_2020_0/output_0006/i0000385_s12_m16.jpg
data/images/03_10_2020_1/output_0007/i0000850_s12_m16.jpg
data/images/03_09_2020_1/output_0040/i0000379_s12_m16.jpg
data/images/03_10_2020_1/output_0007/i0000415_s12_m16.jpg
data/images/03_10_2020_1/output_0005/i0000783_s12_m16.jpg
data/images/03_09_2020_1/output_0029/i0000553_s12_m16.jpg
data/images/03_09_2020_1/output_0038/i0000272_s12_m16.jpg
data/images/03_10_2020_1/output_0004/i0001084_s12_m16.jpg
data/images/03_10_2020_1/output_0016/i0000263_s12_m18.jpg
data/images/03_09_2020_1/output_0023/i0000157_s12_m16.jpg
data/images/03_09_2020_1/output_0030/i0000124_s12_m17.jpg
data/images/03_09_2020_1/output_0024/i0000438_s12_m17.jpg
data/images/03_06_2020_0/output_0004/i0001297_s12_m16.jpg
data/images/03_10_2020_1/output_0014/i0000707_s12_m16.jpg
data/images/03_09_2020_1/output_0021/i0000575_s12_m17.jpg
data/images/03_09_2020_1/output_0026/i0000600_s12_m17.jpg
data/images/03_09_2020_1/output_0040/i0000318_s12_m16.jpg
data/images/03_09_2020_1/output_0037/i0000583_s12_m16.jpg
data/images/03_06_2020_0/output_0006/i0000195_s12_m16.jpg
data/images/03_09_2020_1/output_0021/i0000541_s12_m17.jpg
data/images/03_09_2020_1/output_0039/i0000172_s12_m16.jpg
data/images/03_09_2020_1/output_0030/i0000123_s12_m17.jpg
data/images/03_09_2020_1/output_0021/i0000258_s12_m17.jpg
data/images/03_10_2020_1/output_0004/i0000406_s12_m16.jpg
data/images/03_09_2020_1/output_0023/i0000505_s12_m17.jpg
data/images/03_10_2020_1/output_0015/i0000735_s12_m16.jpg
data/images/03_09_2020_1/output_0038/i0000316_s12_m17.jpg
data/images/03_09_2020_1/output_0042/i0000263_s12_m17.jpg
data/images/03_09_2020_1/output_0018/i0000479_s12_m16.jpg
data/images/03_09_2020_1/output_0019/i0000400_s12_m17.jpg
data/images/03_09_2020_1/output_0020/i0000375_s12_m17.jpg
data/images/03_09_2020_1/output_0035/i0000344_s12_m16.jpg
data/images/03_09_2020_1/output_0022/i0000565_s12_m16.jpg
data/images/03_09_2020_1/output_0030/i0000865_s12_m16.jpg
data/images/03_09_2020_1/output_0040/i0000147_s12_m17.jpg
data/images/03_06_2020_0/output_0004/i0000383_s12_m16.jpg
data/images/03_10_2020_1/output_0006/i0000080_s12_m16.jpg
data/images/03_09_2020_1/output_0039/i0000517_s12_m17.jpg
data/images/03_10_2020_1/output_0007/i0000840_s12_m16.jpg
data/images/03_06_2020_0/output_0011/i0000039_s12_m17.jpg
data/images/03_10_2020_1/output_0013/i0000352_s12_m16.jpg
data/images/03_10_2020_1/output_0011/i0000721_s12_m16.jpg
data/images/03_09_2020_1/output_0041/i0000333_s12_m17.jpg
data/images/03_09_2020_1/output_0019/i0000572_s12_m17.jpg
data/images/03_10_2020_1/output_0016/i0000189_s12_m17.jpg
data/images/03_09_2020_1/output_0040/i0000714_s12_m17.jpg
data/images/03_09_2020_1/output_0043/i0000286_s12_m16.jpg
data/images/03_10_2020_1/output_0016/i0000167_s12_m17.jpg
data/images/03_10_2020_1/output_0014/i0000798_s12_m16.jpg
data/images/03_06_2020_0/output_0006/i0000405_s12_m16.jpg
data/images/03_10_2020_1/output_0003/i0000972_s12_m16.jpg
data/images/03_09_2020_1/output_0044/i0000132_s12_m17.jpg
data/images/03_09_2020_1/output_0020/i0000132_s12_m17.jpg
data/images/03_09_2020_1/output_0032/i0000823_s12_m17.jpg
data/images/03_09_2020_1/output_0039/i0000239_s12_m17.jpg
data/images/03_06_2020_0/output_0008/i0001154_s12_m17.jpg
data/images/03_09_2020_1/output_0026/i0000460_s12_m17.jpg
data/images/03_10_2020_1/output_0010/i0000870_s12_m16.jpg
data/images/03_09_2020_1/output_0024/i0000514_s12_m17.jpg
data/images/03_10_2020_1/output_0016/i0000113_s12_m18.jpg
data/images/03_09_2020_1/output_0040/i0000049_s12_m17.jpg
data/images/03_09_2020_1/output_0013/i0000454_s12_m17.jpg
data/images/03_10_2020_1/output_0012/i0000109_s12_m16.jpg
data/images/03_06_2020_0/output_0009/i0001210_s12_m17.jpg
data/images/03_09_2020_1/output_0020/i0000048_s12_m16.jpg
data/images/03_10_2020_1/output_0009/i0000772_s12_m16.jpg
data/images/03_10_2020_1/output_0003/i0000947_s12_m16.jpg
data/images/03_09_2020_1/output_0038/i0000369_s12_m17.jpg
data/images/03_09_2020_1/output_0034/i0000488_s12_m17.jpg
data/images/03_06_2020_0/output_0009/i0000222_s12_m17.jpg
data/images/03_09_2020_1/output_0042/i0000348_s12_m17.jpg
data/images/03_09_2020_1/output_0041/i0000514_s12_m17.jpg
data/images/03_06_2020_0/output_0004/i0001084_s12_m17.jpg
data/images/03_06_2020_0/output_0008/i0000775_s12_m16.jpg
data/images/03_09_2020_1/output_0022/i0000217_s12_m17.jpg
data/images/03_09_2020_1/output_0023/i0000167_s12_m17.jpg
data/images/03_10_2020_1/output_0001/i0000281_s12_m16.jpg
data/images/03_09_2020_1/output_0024/i0000286_s12_m17.jpg
data/images/03_10_2020_1/output_0005/i0000774_s12_m16.jpg
data/images/03_10_2020_1/output_0010/i0000296_s12_m16.jpg
data/images/03_06_2020_0/output_0009/i0000920_s12_m17.jpg
data/images/03_09_2020_1/output_0036/i0000124_s12_m17.jpg
data/images/03_10_2020_1/output_0006/i0000457_s12_m16.jpg
data/images/03_09_2020_1/output_0040/i0000642_s12_m17.jpg
data/images/03_10_2020_1/output_0012/i0000376_s12_m16.jpg
data/images/03_10_2020_1/output_0006/i0000763_s12_m16.jpg
data/images/03_10_2020_1/output_0011/i0001065_s12_m16.jpg
data/images/03_09_2020_1/output_0043/i0000248_s12_m16.jpg
data/images/03_10_2020_1/output_0016/i0000283_s12_m18.jpg
data/images/03_10_2020_1/output_0011/i0000983_s12_m16.jpg
data/images/03_10_2020_1/output_0014/i0000413_s12_m16.jpg
data/images/03_06_2020_0/output_0011/i0001272_s12_m18.jpg
data/images/03_10_2020_1/output_0015/i0000041_s12_m16.jpg
data/images/03_09_2020_1/output_0029/i0000782_s12_m17.jpg
data/images/03_09_2020_1/output_0039/i0000507_s12_m17.jpg
data/images/03_06_2020_0/output_0004/i0000839_s12_m16.jpg
data/images/03_10_2020_1/output_0007/i0000296_s12_m16.jpg
data/images/03_09_2020_1/output_0024/i0000439_s12_m17.jpg
data/images/03_09_2020_1/output_0019/i0000275_s12_m17.jpg
data/images/03_09_2020_1/output_0019/i0000573_s12_m17.jpg
data/images/03_10_2020_1/output_0000/i0000377_s12_m16.jpg
data/images/03_09_2020_1/output_0042/i0000700_s12_m16.jpg
data/images/03_09_2020_1/output_0043/i0000429_s12_m17.jpg
data/images/03_10_2020_1/output_0006/i0000098_s12_m16.jpg
data/images/03_09_2020_1/output_0024/i0000019_s12_m16.jpg
data/images/03_10_2020_1/output_0006/i0000543_s12_m16.jpg
data/images/03_10_2020_1/output_0012/i0000140_s12_m16.jpg
data/images/03_10_2020_1/output_0005/i0000598_s12_m16.jpg
data/images/03_09_2020_1/output_0032/i0000435_s12_m17.jpg
data/images/03_09_2020_1/output_0039/i0000259_s12_m17.jpg
data/images/03_09_2020_1/output_0041/i0000066_s12_m16.jpg
data/images/03_10_2020_1/output_0008/i0000971_s12_m16.jpg
data/images/03_06_2020_0/output_0006/i0001007_s12_m17.jpg
data/images/03_09_2020_1/output_0026/i0000228_s12_m17.jpg
data/images/03_10_2020_1/output_0000/i0000720_s12_m16.jpg
data/images/03_06_2020_0/output_0009/i0000845_s12_m17.jpg
data/images/03_10_2020_1/output_0013/i0000888_s12_m16.jpg
data/images/03_10_2020_1/output_0008/i0000412_s12_m16.jpg
data/images/03_10_2020_1/output_0006/i0000437_s12_m16.jpg
data/images/03_10_2020_1/output_0015/i0000579_s12_m16.jpg
data/images/03_09_2020_1/output_0023/i0000029_s12_m17.jpg
data/images/03_09_2020_1/output_0033/i0000581_s12_m16.jpg
data/images/03_09_2020_1/output_0039/i0000692_s12_m16.jpg
data/images/03_10_2020_1/output_0012/i0000593_s12_m16.jpg
data/images/03_10_2020_1/output_0010/i0000333_s12_m16.jpg
data/images/03_09_2020_1/output_0033/i0000457_s12_m17.jpg
data/images/03_06_2020_0/output_0004/i0000856_s12_m16.jpg
data/images/03_06_2020_0/output_0004/i0001072_s12_m17.jpg
data/images/03_09_2020_1/output_0030/i0000790_s12_m17.jpg
data/images/03_06_2020_0/output_0004/i0001435_s12_m16.jpg
data/images/03_10_2020_1/output_0005/i0000217_s12_m16.jpg
data/images/03_09_2020_1/output_0041/i0000237_s12_m17.jpg
data/images/03_09_2020_1/output_0024/i0000407_s12_m17.jpg
data/images/03_09_2020_1/output_0038/i0000496_s12_m17.jpg
data/images/03_10_2020_1/output_0006/i0000663_s12_m16.jpg
data/images/03_06_2020_0/output_0011/i0000219_s12_m16.jpg
data/images/03_10_2020_1/output_0016/i0000122_s12_m18.jpg
data/images/03_06_2020_0/output_0008/i0000115_s12_m16.jpg
data/images/03_10_2020_1/output_0010/i0000988_s12_m16.jpg
data/images/03_09_2020_1/output_0041/i0000085_s12_m17.jpg
data/images/03_10_2020_1/output_0002/i0000145_s12_m16.jpg
data/images/03_09_2020_1/output_0029/i0000608_s12_m16.jpg
data/images/03_10_2020_1/output_0004/i0000456_s12_m16.jpg
data/images/03_06_2020_0/output_0004/i0001388_s12_m17.jpg
data/images/03_10_2020_1/output_0003/i0000433_s12_m16.jpg
data/images/03_06_2020_0/output_0008/i0001335_s12_m17.jpg
data/images/03_10_2020_1/output_0000/i0000340_s12_m16.jpg
data/images/03_09_2020_1/output_0039/i0000408_s12_m17.jpg
data/images/03_09_2020_1/output_0030/i0000855_s12_m17.jpg
data/images/03_06_2020_0/output_0008/i0000568_s12_m17.jpg
data/images/03_09_2020_1/output_0020/i0000041_s12_m17.jpg
data/images/03_10_2020_1/output_0012/i0000884_s12_m16.jpg
data/images/03_10_2020_1/output_0010/i0000668_s12_m16.jpg
data/images/03_06_2020_0/output_0006/i0000519_s12_m17.jpg
data/images/03_09_2020_1/output_0036/i0000175_s12_m17.jpg
data/images/03_10_2020_1/output_0011/i0001000_s12_m16.jpg
data/images/03_09_2020_1/output_0029/i0000755_s12_m17.jpg
data/images/03_09_2020_1/output_0026/i0000444_s12_m17.jpg
data/images/03_10_2020_1/output_0008/i0001055_s12_m16.jpg
data/images/03_10_2020_1/output_0007/i0000848_s12_m16.jpg
data/images/03_06_2020_0/output_0008/i0000712_s12_m16.jpg
data/images/03_10_2020_1/output_0000/i0000160_s12_m16.jpg
data/images/03_09_2020_1/output_0043/i0000053_s12_m16.jpg
data/images/03_06_2020_0/output_0008/i0001188_s12_m16.jpg
data/images/03_09_2020_1/output_0019/i0000374_s12_m17.jpg
data/images/03_09_2020_1/output_0044/i0000320_s12_m18.jpg
data/images/03_06_2020_0/output_0008/i0000540_s12_m17.jpg
data/images/03_10_2020_1/output_0011/i0001088_s12_m16.jpg
data/images/03_10_2020_1/output_0010/i0000942_s12_m16.jpg
data/images/03_06_2020_0/output_0004/i0000814_s12_m16.jpg
data/images/03_09_2020_1/output_0042/i0000249_s12_m17.jpg
data/images/03_10_2020_1/output_0003/i0000399_s12_m16.jpg
data/images/03_10_2020_1/output_0005/i0000067_s12_m15.jpg
data/images/03_10_2020_1/output_0008/i0000229_s12_m16.jpg
data/images/03_10_2020_1/output_0005/i0000114_s12_m16.jpg
data/images/03_09_2020_1/output_0043/i0000302_s12_m17.jpg
data/images/03_09_2020_1/output_0031/i0000613_s12_m16.jpg
data/images/03_10_2020_1/output_0010/i0000473_s12_m16.jpg
data/images/03_09_2020_1/output_0030/i0000351_s12_m17.jpg
data/images/03_06_2020_0/output_0004/i0001408_s12_m16.jpg
data/images/03_09_2020_1/output_0044/i0000436_s12_m18.jpg
data/images/03_09_2020_1/output_0036/i0000085_s12_m17.jpg
data/images/03_10_2020_1/output_0012/i0000300_s12_m16.jpg
data/images/03_09_2020_1/output_0044/i0000428_s12_m18.jpg
data/images/03_09_2020_1/output_0017/i0000289_s12_m17.jpg
data/images/03_06_2020_0/output_0006/i0001053_s12_m17.jpg
data/images/03_10_2020_1/output_0001/i0000104_s12_m15.jpg
data/images/03_06_2020_0/output_0006/i0000244_s12_m16.jpg
data/images/03_06_2020_0/output_0011/i0001384_s12_m18.jpg
data/images/03_10_2020_1/output_0009/i0000464_s12_m16.jpg
data/images/03_09_2020_1/output_0037/i0000429_s12_m17.jpg
data/images/03_10_2020_1/output_0013/i0000823_s12_m16.jpg
data/images/03_09_2020_1/output_0034/i0000146_s12_m16.jpg
data/images/03_06_2020_0/output_0004/i0001028_s12_m16.jpg
data/images/03_06_2020_0/output_0009/i0000854_s12_m17.jpg
data/images/03_09_2020_1/output_0043/i0000400_s12_m17.jpg
data/images/03_10_2020_1/output_0000/i0000430_s12_m16.jpg
data/images/03_10_2020_1/output_0006/i0000565_s12_m16.jpg
data/images/03_09_2020_1/output_0042/i0000165_s12_m17.jpg
data/images/03_09_2020_1/output_0044/i0000188_s12_m18.jpg
data/images/03_09_2020_1/output_0036/i0000669_s12_m16.jpg
data/images/03_10_2020_1/output_0008/i0000394_s12_m16.jpg
data/images/03_10_2020_1/output_0011/i0000588_s12_m16.jpg
data/images/03_09_2020_1/output_0037/i0000764_s12_m16.jpg
data/images/03_06_2020_0/output_0008/i0000838_s12_m17.jpg
data/images/03_09_2020_1/output_0026/i0000064_s12_m16.jpg
data/images/03_10_2020_1/output_0005/i0000621_s12_m16.jpg
data/images/03_09_2020_1/output_0035/i0000380_s12_m17.jpg
data/images/03_10_2020_1/output_0012/i0000398_s12_m16.jpg
data/images/03_09_2020_1/output_0031/i0000314_s12_m17.jpg
data/images/03_06_2020_0/output_0008/i0000165_s12_m16.jpg
data/images/03_09_2020_1/output_0036/i0000535_s12_m17.jpg
data/images/03_10_2020_1/output_0000/i0000718_s12_m16.jpg
data/images/03_09_2020_1/output_0042/i0000440_s12_m17.jpg
data/images/03_06_2020_0/output_0011/i0001410_s12_m18.jpg
data/images/03_06_2020_0/output_0011/i0000588_s12_m17.jpg
data/images/03_09_2020_1/output_0020/i0000409_s12_m17.jpg
data/images/03_10_2020_1/output_0011/i0000953_s12_m16.jpg
data/images/03_09_2020_1/output_0037/i0000387_s12_m16.jpg
data/images/03_09_2020_1/output_0021/i0000419_s12_m17.jpg
data/images/03_09_2020_1/output_0033/i0000165_s12_m16.jpg
data/images/03_09_2020_1/output_0043/i0000465_s12_m17.jpg
data/images/03_09_2020_1/output_0041/i0000657_s12_m17.jpg
data/images/03_09_2020_1/output_0022/i0000533_s12_m16.jpg
data/images/03_10_2020_1/output_0011/i0000990_s12_m16.jpg
data/images/03_09_2020_1/output_0037/i0000450_s12_m17.jpg
data/images/03_10_2020_1/output_0011/i0000363_s12_m16.jpg
data/images/03_09_2020_1/output_0022/i0000532_s12_m16.jpg
data/images/03_10_2020_1/output_0011/i0001033_s12_m16.jpg
data/images/03_09_2020_1/output_0031/i0000209_s12_m16.jpg
data/images/03_10_2020_1/output_0015/i0000747_s12_m16.jpg
data/images/03_09_2020_1/output_0026/i0000155_s12_m17.jpg
data/images/03_10_2020_1/output_0012/i0000311_s12_m16.jpg
data/images/03_09_2020_1/output_0042/i0000635_s12_m16.jpg
data/images/03_09_2020_1/output_0019/i0000625_s12_m17.jpg
data/images/03_09_2020_1/output_0030/i0000794_s12_m17.jpg
data/images/03_06_2020_0/output_0009/i0000211_s12_m17.jpg
data/images/03_09_2020_1/output_0031/i0000677_s12_m16.jpg
data/images/03_09_2020_1/output_0019/i0000607_s12_m17.jpg
data/images/03_10_2020_1/output_0006/i0000818_s12_m16.jpg
data/images/03_09_2020_1/output_0041/i0000770_s12_m16.jpg
data/images/03_09_2020_1/output_0043/i0000334_s12_m17.jpg
data/images/03_09_2020_1/output_0040/i0000174_s12_m16.jpg
data/images/03_10_2020_1/output_0007/i0000426_s12_m16.jpg
data/images/03_06_2020_0/output_0009/i0000148_s12_m16.jpg
data/images/03_10_2020_1/output_0011/i0000859_s12_m16.jpg
data/images/03_10_2020_1/output_0004/i0000892_s12_m16.jpg
data/images/03_10_2020_1/output_0008/i0000107_s12_m16.jpg
data/images/03_09_2020_1/output_0033/i0000526_s12_m16.jpg
data/images/03_09_2020_1/output_0018/i0000384_s12_m16.jpg
data/images/03_10_2020_1/output_0014/i0000397_s12_m16.jpg
data/images/03_09_2020_1/output_0031/i0000747_s12_m17.jpg
data/images/03_10_2020_1/output_0005/i0000528_s12_m16.jpg
data/images/03_06_2020_0/output_0004/i0001216_s12_m16.jpg
data/images/03_10_2020_1/output_0010/i0000610_s12_m16.jpg
data/images/03_09_2020_1/output_0014/i0000491_s12_m17.jpg
data/images/03_06_2020_0/output_0011/i0000622_s12_m17.jpg
data/images/03_09_2020_1/output_0030/i0000454_s12_m16.jpg
data/images/03_09_2020_1/output_0030/i0000302_s12_m16.jpg
data/images/03_09_2020_1/output_0033/i0000621_s12_m16.jpg
data/images/03_10_2020_1/output_0009/i0000909_s12_m16.jpg
data/images/03_09_2020_1/output_0021/i0000243_s12_m17.jpg
data/images/03_06_2020_0/output_0011/i0000215_s12_m16.jpg
data/images/03_10_2020_1/output_0008/i0000302_s12_m16.jpg
data/images/03_09_2020_1/output_0037/i0000366_s12_m16.jpg
data/images/03_10_2020_1/output_0006/i0000212_s12_m16.jpg
data/images/03_06_2020_0/output_0009/i0000061_s12_m16.jpg
data/images/03_10_2020_1/output_0004/i0000916_s12_m16.jpg
data/images/03_09_2020_1/output_0043/i0000261_s12_m16.jpg
data/images/03_10_2020_1/output_0012/i0000482_s12_m16.jpg
data/images/03_09_2020_1/output_0034/i0000193_s12_m16.jpg
data/images/03_10_2020_1/output_0004/i0000144_s12_m15.jpg
data/images/03_10_2020_1/output_0015/i0000923_s12_m18.jpg
data/images/03_09_2020_1/output_0038/i0000159_s12_m16.jpg
data/images/03_06_2020_0/output_0006/i0000544_s12_m17.jpg
data/images/03_10_2020_1/output_0007/i0000523_s12_m16.jpg
data/images/03_09_2020_1/output_0032/i0000245_s12_m17.jpg
data/images/03_09_2020_1/output_0030/i0000315_s12_m16.jpg
data/images/03_10_2020_1/output_0011/i0000991_s12_m16.jpg
data/images/03_10_2020_1/output_0005/i0001092_s12_m16.jpg
data/images/03_09_2020_1/output_0033/i0000617_s12_m16.jpg
data/images/03_09_2020_1/output_0042/i0000582_s12_m17.jpg
data/images/03_10_2020_1/output_0015/i0000640_s12_m16.jpg
data/images/03_10_2020_1/output_0011/i0000526_s12_m16.jpg
data/images/03_09_2020_1/output_0037/i0000414_s12_m17.jpg
data/images/03_10_2020_1/output_0014/i0000035_s12_m16.jpg
data/images/03_10_2020_1/output_0009/i0000630_s12_m16.jpg
data/images/03_06_2020_0/output_0006/i0000971_s12_m17.jpg
data/images/03_09_2020_1/output_0039/i0000246_s12_m17.jpg
data/images/03_10_2020_1/output_0013/i0000920_s12_m16.jpg
data/images/03_10_2020_1/output_0004/i0000471_s12_m15.jpg
data/images/03_09_2020_1/output_0036/i0000659_s12_m16.jpg
data/images/03_09_2020_1/output_0026/i0000065_s12_m17.jpg
data/images/03_09_2020_1/output_0018/i0000278_s12_m17.jpg
data/images/03_10_2020_1/output_0006/i0000761_s12_m16.jpg
data/images/03_06_2020_0/output_0009/i0000125_s12_m16.jpg
data/images/03_09_2020_1/output_0031/i0000462_s12_m16.jpg
data/images/03_09_2020_1/output_0037/i0000604_s12_m17.jpg
data/images/03_10_2020_1/output_0000/i0000365_s12_m16.jpg
data/images/03_09_2020_1/output_0022/i0000510_s12_m16.jpg
data/images/03_09_2020_1/output_0038/i0000578_s12_m17.jpg
data/images/03_09_2020_1/output_0031/i0000341_s12_m16.jpg
data/images/03_09_2020_1/output_0034/i0000487_s12_m17.jpg
data/images/03_09_2020_1/output_0040/i0000083_s12_m17.jpg
data/images/03_09_2020_1/output_0023/i0000576_s12_m17.jpg
data/images/03_10_2020_1/output_0014/i0000511_s12_m16.jpg
data/images/03_09_2020_1/output_0023/i0000448_s12_m16.jpg
data/images/03_09_2020_1/output_0042/i0000272_s12_m17.jpg
data/images/03_09_2020_1/output_0033/i0000388_s12_m16.jpg
data/images/03_09_2020_1/output_0032/i0000982_s12_m17.jpg
data/images/03_10_2020_1/output_0016/i0000123_s12_m18.jpg
data/images/03_09_2020_1/output_0024/i0000336_s12_m17.jpg
data/images/03_10_2020_1/output_0015/i0000563_s12_m16.jpg
data/images/03_09_2020_1/output_0038/i0000368_s12_m17.jpg
data/images/03_10_2020_1/output_0013/i0000019_s12_m16.jpg
data/images/03_09_2020_1/output_0036/i0000695_s12_m17.jpg
data/images/03_09_2020_1/output_0032/i0000748_s12_m17.jpg
data/images/03_09_2020_1/output_0026/i0000234_s12_m17.jpg
data/images/03_09_2020_1/output_0027/i0000089_s12_m18.jpg
data/images/03_09_2020_1/output_0022/i0000575_s12_m16.jpg
data/images/03_09_2020_1/output_0031/i0000583_s12_m17.jpg
data/images/03_10_2020_1/output_0006/i0000323_s12_m16.jpg
data/images/03_09_2020_1/output_0021/i0000355_s12_m17.jpg
data/images/03_06_2020_0/output_0008/i0001187_s12_m16.jpg
data/images/03_06_2020_0/output_0011/i0001485_s12_m19.jpg
data/images/03_10_2020_1/output_0011/i0000856_s12_m16.jpg
data/images/03_10_2020_1/output_0009/i0000057_s12_m16.jpg
data/images/03_09_2020_1/output_0022/i0000154_s12_m16.jpg
data/images/03_10_2020_1/output_0011/i0000687_s12_m16.jpg
data/images/03_09_2020_1/output_0031/i0000063_s12_m17.jpg
data/images/03_09_2020_1/output_0030/i0000629_s12_m17.jpg
data/images/03_09_2020_1/output_0022/i0000554_s12_m16.jpg
data/images/03_10_2020_1/output_0004/i0000726_s12_m16.jpg
data/images/03_09_2020_1/output_0026/i0000367_s12_m16.jpg
data/images/03_09_2020_1/output_0018/i0000557_s12_m17.jpg
data/images/03_09_2020_1/output_0040/i0000443_s12_m16.jpg
data/images/03_09_2020_1/output_0035/i0000509_s12_m17.jpg
data/images/03_10_2020_1/output_0007/i0000641_s12_m16.jpg
data/images/03_10_2020_1/output_0012/i0000642_s12_m16.jpg
data/images/03_09_2020_1/output_0041/i0000358_s12_m16.jpg
data/images/03_09_2020_1/output_0015/i0000286_s12_m17.jpg
data/images/03_09_2020_1/output_0033/i0000626_s12_m16.jpg
data/images/03_09_2020_1/output_0029/i0000224_s12_m17.jpg
data/images/03_09_2020_1/output_0019/i0000525_s12_m17.jpg
data/images/03_09_2020_1/output_0031/i0000537_s12_m17.jpg
data/images/03_10_2020_1/output_0013/i0000529_s12_m16.jpg
data/images/03_10_2020_1/output_0007/i0000530_s12_m16.jpg
data/images/03_06_2020_0/output_0006/i0001032_s12_m17.jpg
data/images/03_09_2020_1/output_0041/i0000436_s12_m17.jpg
data/images/03_09_2020_1/output_0022/i0000183_s12_m16.jpg
data/images/03_06_2020_0/output_0009/i0000946_s12_m17.jpg
data/images/03_09_2020_1/output_0030/i0000642_s12_m17.jpg
data/images/03_09_2020_1/output_0039/i0000100_s12_m16.jpg
data/images/03_06_2020_0/output_0008/i0000245_s12_m17.jpg
data/images/03_09_2020_1/output_0033/i0000194_s12_m16.jpg
data/images/03_06_2020_0/output_0009/i0000067_s12_m16.jpg
data/images/03_06_2020_0/output_0004/i0000825_s12_m16.jpg
data/images/03_10_2020_1/output_0015/i0000763_s12_m16.jpg
data/images/03_09_2020_1/output_0034/i0000214_s12_m16.jpg
data/images/03_09_2020_1/output_0044/i0000347_s12_m18.jpg
data/images/03_09_2020_1/output_0029/i0000242_s12_m16.jpg
data/images/03_06_2020_0/output_0011/i0000704_s12_m17.jpg
data/images/03_09_2020_1/output_0027/i0000202_s12_m18.jpg
data/images/03_06_2020_0/output_0006/i0000953_s12_m17.jpg
data/images/03_09_2020_1/output_0026/i0000039_s12_m16.jpg
data/images/03_10_2020_1/output_0004/i0000782_s12_m15.jpg
data/images/03_09_2020_1/output_0031/i0000247_s12_m17.jpg
data/images/03_09_2020_1/output_0022/i0000514_s12_m16.jpg
data/images/03_10_2020_1/output_0008/i0000281_s12_m16.jpg
data/images/03_10_2020_1/output_0006/i0000698_s12_m16.jpg
data/images/03_09_2020_1/output_0032/i0000107_s12_m16.jpg
data/images/03_06_2020_0/output_0006/i0000853_s12_m16.jpg
data/images/03_06_2020_0/output_0004/i0001310_s12_m17.jpg
data/images/03_10_2020_1/output_0004/i0000317_s12_m16.jpg
data/images/03_09_2020_1/output_0013/i0000205_s12_m17.jpg
data/images/03_09_2020_1/output_0043/i0000568_s12_m17.jpg
data/images/03_09_2020_1/output_0041/i0000354_s12_m17.jpg
data/images/03_09_2020_1/output_0026/i0000129_s12_m17.jpg
data/images/03_06_2020_0/output_0004/i0000024_s12_m15.jpg
data/images/03_09_2020_1/output_0040/i0000218_s12_m17.jpg
data/images/03_09_2020_1/output_0043/i0000687_s12_m17.jpg
data/images/03_09_2020_1/output_0044/i0000345_s12_m18.jpg
data/images/03_09_2020_1/output_0020/i0000676_s12_m17.jpg
data/images/03_06_2020_0/output_0011/i0000791_s12_m16.jpg
data/images/03_09_2020_1/output_0022/i0000287_s12_m17.jpg
data/images/03_09_2020_1/output_0043/i0000088_s12_m16.jpg
data/images/03_09_2020_1/output_0030/i0000060_s12_m17.jpg
data/images/03_09_2020_1/output_0037/i0000391_s12_m16.jpg
data/images/03_06_2020_0/output_0009/i0000354_s12_m16.jpg
data/images/03_10_2020_1/output_0009/i0000670_s12_m16.jpg
data/images/03_06_2020_0/output_0009/i0000740_s12_m17.jpg
data/images/03_09_2020_1/output_0037/i0000530_s12_m16.jpg
data/images/03_09_2020_1/output_0023/i0000158_s12_m16.jpg
data/images/03_09_2020_1/output_0037/i0000801_s12_m17.jpg
data/images/03_09_2020_1/output_0035/i0000400_s12_m16.jpg
data/images/03_06_2020_0/output_0008/i0001395_s12_m17.jpg
data/images/03_06_2020_0/output_0011/i0000594_s12_m17.jpg
data/images/03_06_2020_0/output_0009/i0000598_s12_m17.jpg
data/images/03_09_2020_1/output_0022/i0000564_s12_m16.jpg
data/images/03_06_2020_0/output_0006/i0000852_s12_m16.jpg
data/images/03_09_2020_1/output_0032/i0000192_s12_m17.jpg
data/images/03_09_2020_1/output_0040/i0000138_s12_m17.jpg
data/images/03_10_2020_1/output_0007/i0000201_s12_m16.jpg
data/images/03_09_2020_1/output_0019/i0000178_s12_m16.jpg
data/images/03_09_2020_1/output_0029/i0000354_s12_m16.jpg
data/images/03_10_2020_1/output_0010/i0001019_s12_m16.jpg
data/images/03_09_2020_1/output_0037/i0000502_s12_m16.jpg
data/images/03_06_2020_0/output_0011/i0000063_s12_m17.jpg
data/images/03_09_2020_1/output_0019/i0000415_s12_m17.jpg
data/images/03_09_2020_1/output_0027/i0000242_s12_m18.jpg
data/images/03_06_2020_0/output_0008/i0000646_s12_m17.jpg
data/images/03_10_2020_1/output_0008/i0000327_s12_m16.jpg
data/images/03_09_2020_1/output_0015/i0000034_s12_m15.jpg
data/images/03_10_2020_1/output_0004/i0000724_s12_m16.jpg
data/images/03_10_2020_1/output_0000/i0000393_s12_m16.jpg
data/images/03_09_2020_1/output_0040/i0000199_s12_m16.jpg
data/images/03_10_2020_1/output_0004/i0000704_s12_m16.jpg
data/images/03_06_2020_0/output_0008/i0000687_s12_m16.jpg
data/images/03_09_2020_1/output_0021/i0000296_s12_m17.jpg
data/images/03_09_2020_1/output_0037/i0000539_s12_m17.jpg
data/images/03_06_2020_0/output_0009/i0000136_s12_m16.jpg
data/images/03_06_2020_0/output_0006/i0000854_s12_m16.jpg
data/images/03_10_2020_1/output_0004/i0000721_s12_m16.jpg
data/images/03_06_2020_0/output_0006/i0000594_s12_m17.jpg
data/images/03_10_2020_1/output_0014/i0000450_s12_m16.jpg
data/images/03_09_2020_1/output_0039/i0000227_s12_m17.jpg
data/images/03_09_2020_1/output_0030/i0000894_s12_m17.jpg
data/images/03_09_2020_1/output_0044/i0000205_s12_m18.jpg
data/images/03_10_2020_1/output_0013/i0000571_s12_m16.jpg
data/images/03_09_2020_1/output_0018/i0000362_s12_m18.jpg
data/images/03_10_2020_1/output_0008/i0000175_s12_m16.jpg
data/images/03_06_2020_0/output_0011/i0000144_s12_m17.jpg
data/images/03_09_2020_1/output_0024/i0000410_s12_m17.jpg
data/images/03_10_2020_1/output_0011/i0000860_s12_m16.jpg
data/images/03_09_2020_1/output_0033/i0000298_s12_m16.jpg
data/images/03_09_2020_1/output_0036/i0000445_s12_m16.jpg
data/images/03_06_2020_0/output_0011/i0001187_s12_m18.jpg
data/images/03_10_2020_1/output_0013/i0000120_s12_m16.jpg
data/images/03_10_2020_1/output_0008/i0000252_s12_m16.jpg
data/images/03_10_2020_1/output_0015/i0000578_s12_m16.jpg
data/images/03_10_2020_1/output_0006/i0000091_s12_m16.jpg
data/images/03_06_2020_0/output_0004/i0000651_s12_m16.jpg
data/images/03_09_2020_1/output_0023/i0000114_s12_m18.jpg
data/images/03_09_2020_1/output_0024/i0000526_s12_m17.jpg
data/images/03_09_2020_1/output_0043/i0000189_s12_m17.jpg
data/images/03_09_2020_1/output_0033/i0000756_s12_m16.jpg
data/images/03_10_2020_1/output_0006/i0000657_s12_m16.jpg
data/images/03_09_2020_1/output_0043/i0000599_s12_m17.jpg
data/images/03_09_2020_1/output_0040/i0000067_s12_m16.jpg
data/images/03_06_2020_0/output_0004/i0001331_s12_m16.jpg
data/images/03_09_2020_1/output_0039/i0000071_s12_m16.jpg
data/images/03_09_2020_1/output_0037/i0000460_s12_m17.jpg
data/images/03_10_2020_1/output_0000/i0000062_s12_m16.jpg
data/images/03_09_2020_1/output_0041/i0000686_s12_m17.jpg
data/images/03_06_2020_0/output_0008/i0000561_s12_m17.jpg
data/images/03_09_2020_1/output_0035/i0000296_s12_m17.jpg
data/images/03_09_2020_1/output_0034/i0000408_s12_m16.jpg
data/images/03_10_2020_1/output_0015/i0000922_s12_m18.jpg
data/images/03_10_2020_1/output_0015/i0000334_s12_m16.jpg
data/images/03_10_2020_1/output_0009/i0000682_s12_m16.jpg
data/images/03_09_2020_1/output_0031/i0000347_s12_m16.jpg
data/images/03_10_2020_1/output_0015/i0000936_s12_m17.jpg
data/images/03_10_2020_1/output_0012/i0000804_s12_m16.jpg
data/images/03_09_2020_1/output_0026/i0000433_s12_m17.jpg
data/images/03_09_2020_1/output_0019/i0000326_s12_m17.jpg
data/images/03_10_2020_1/output_0001/i0000234_s12_m16.jpg
data/images/03_09_2020_1/output_0027/i0000183_s12_m18.jpg
data/images/03_06_2020_0/output_0009/i0000073_s12_m17.jpg
data/images/03_10_2020_1/output_0006/i0000146_s12_m16.jpg
data/images/03_10_2020_1/output_0014/i0000137_s12_m16.jpg
data/images/03_09_2020_1/output_0034/i0000176_s12_m16.jpg
data/images/03_09_2020_1/output_0032/i0000833_s12_m17.jpg
data/images/03_09_2020_1/output_0029/i0000090_s12_m18.jpg
data/images/03_06_2020_0/output_0011/i0000734_s12_m17.jpg
data/images/03_06_2020_0/output_0011/i0001402_s12_m18.jpg
data/images/03_09_2020_1/output_0039/i0000708_s12_m16.jpg
data/images/03_10_2020_1/output_0011/i0000308_s12_m16.jpg
data/images/03_10_2020_1/output_0004/i0000531_s12_m16.jpg
data/images/03_09_2020_1/output_0036/i0000703_s12_m17.jpg
data/images/03_10_2020_1/output_0011/i0000577_s12_m16.jpg
data/images/03_06_2020_0/output_0004/i0001096_s12_m17.jpg
data/images/03_10_2020_1/output_0013/i0000317_s12_m16.jpg
data/images/03_09_2020_1/output_0041/i0000155_s12_m17.jpg
data/images/03_09_2020_1/output_0037/i0000342_s12_m17.jpg
data/images/03_10_2020_1/output_0007/i0000685_s12_m16.jpg
data/images/03_09_2020_1/output_0030/i0000468_s12_m16.jpg
data/images/03_10_2020_1/output_0000/i0000071_s12_m16.jpg
data/images/03_09_2020_1/output_0041/i0000606_s12_m17.jpg
data/images/03_10_2020_1/output_0010/i0000670_s12_m16.jpg
data/images/03_10_2020_1/output_0016/i0000062_s12_m17.jpg
data/images/03_06_2020_0/output_0004/i0001394_s12_m17.jpg
data/images/03_09_2020_1/output_0040/i0000300_s12_m16.jpg
data/images/03_06_2020_0/output_0008/i0000236_s12_m17.jpg
data/images/03_06_2020_0/output_0004/i0000911_s12_m16.jpg
data/images/03_09_2020_1/output_0036/i0000169_s12_m17.jpg
data/images/03_10_2020_1/output_0012/i0000445_s12_m16.jpg
data/images/03_10_2020_1/output_0009/i0000465_s12_m16.jpg
data/images/03_09_2020_1/output_0013/i0000134_s12_m17.jpg
data/images/03_09_2020_1/output_0017/i0000073_s12_m17.jpg
data/images/03_10_2020_1/output_0008/i0000138_s12_m16.jpg
data/images/03_09_2020_1/output_0039/i0000583_s12_m17.jpg
data/images/03_10_2020_1/output_0002/i0000299_s12_m16.jpg
data/images/03_06_2020_0/output_0006/i0000952_s12_m17.jpg
data/images/03_10_2020_1/output_0000/i0000060_s12_m16.jpg
data/images/03_10_2020_1/output_0013/i0000805_s12_m16.jpg
data/images/03_06_2020_0/output_0011/i0000499_s12_m17.jpg
data/images/03_09_2020_1/output_0043/i0000108_s12_m16.jpg
data/images/03_10_2020_1/output_0009/i0000069_s12_m16.jpg
data/images/03_06_2020_0/output_0004/i0001434_s12_m16.jpg
data/images/03_09_2020_1/output_0020/i0000537_s12_m17.jpg
data/images/03_09_2020_1/output_0033/i0000580_s12_m16.jpg
data/images/03_09_2020_1/output_0042/i0000474_s12_m16.jpg
data/images/03_10_2020_1/output_0013/i0000720_s12_m16.jpg
data/images/03_10_2020_1/output_0008/i0000794_s12_m16.jpg
data/images/03_09_2020_1/output_0024/i0000015_s12_m15.jpg
data/images/03_09_2020_1/output_0037/i0000073_s12_m17.jpg
data/images/03_06_2020_0/output_0006/i0000111_s12_m17.jpg
data/images/03_06_2020_0/output_0011/i0000366_s12_m17.jpg
data/images/03_10_2020_1/output_0007/i0000776_s12_m16.jpg
data/images/03_09_2020_1/output_0031/i0000313_s12_m17.jpg
data/images/03_10_2020_1/output_0009/i0000202_s12_m16.jpg
data/images/03_06_2020_0/output_0004/i0000380_s12_m16.jpg
data/images/03_09_2020_1/output_0029/i0000231_s12_m17.jpg
data/images/03_09_2020_1/output_0042/i0000705_s12_m16.jpg
data/images/03_10_2020_1/output_0001/i0000127_s12_m16.jpg
data/images/03_06_2020_0/output_0011/i0001328_s12_m18.jpg
data/images/03_09_2020_1/output_0038/i0000151_s12_m16.jpg
data/images/03_10_2020_1/output_0013/i0000922_s12_m16.jpg
data/images/03_06_2020_0/output_0011/i0000429_s12_m17.jpg
data/images/03_09_2020_1/output_0021/i0000337_s12_m17.jpg
data/images/03_10_2020_1/output_0007/i0000630_s12_m16.jpg
data/images/03_09_2020_1/output_0039/i0000499_s12_m17.jpg
data/images/03_10_2020_1/output_0006/i0000407_s12_m16.jpg
data/images/03_09_2020_1/output_0042/i0000207_s12_m17.jpg
data/images/03_06_2020_0/output_0008/i0001178_s12_m16.jpg
data/images/03_09_2020_1/output_0031/i0000500_s12_m17.jpg
data/images/03_09_2020_1/output_0035/i0000576_s12_m16.jpg
data/images/03_06_2020_0/output_0011/i0001218_s12_m18.jpg
data/images/03_09_2020_1/output_0032/i0000090_s12_m16.jpg
data/images/03_10_2020_1/output_0002/i0000175_s12_m16.jpg
data/images/03_10_2020_1/output_0008/i0001039_s12_m16.jpg
data/images/03_09_2020_1/output_0018/i0000118_s12_m16.jpg
data/images/03_06_2020_0/output_0006/i0000704_s12_m17.jpg
data/images/03_09_2020_1/output_0036/i0000078_s12_m17.jpg
data/images/03_10_2020_1/output_0000/i0000041_s12_m16.jpg
data/images/03_09_2020_1/output_0043/i0000549_s12_m17.jpg
data/images/03_09_2020_1/output_0041/i0000324_s12_m17.jpg
data/images/03_10_2020_1/output_0003/i0000035_s12_m16.jpg
data/images/03_06_2020_0/output_0011/i0000081_s12_m17.jpg
data/images/03_09_2020_1/output_0019/i0000433_s12_m17.jpg
data/images/03_06_2020_0/output_0004/i0001179_s12_m16.jpg
data/images/03_09_2020_1/output_0040/i0000021_s12_m16.jpg
data/images/03_09_2020_1/output_0041/i0000344_s12_m17.jpg
data/images/03_10_2020_1/output_0013/i0000532_s12_m16.jpg
data/images/03_09_2020_1/output_0039/i0000482_s12_m17.jpg
data/images/03_10_2020_1/output_0015/i0000221_s12_m16.jpg
data/images/03_06_2020_0/output_0006/i0001227_s12_m16.jpg
data/images/03_10_2020_1/output_0013/i0000912_s12_m16.jpg
data/images/03_06_2020_0/output_0004/i0000961_s12_m16.jpg
data/images/03_09_2020_1/output_0024/i0000375_s12_m17.jpg
data/images/03_09_2020_1/output_0034/i0000313_s12_m16.jpg
data/images/03_10_2020_1/output_0011/i0000387_s12_m16.jpg
data/images/03_09_2020_1/output_0016/i0000485_s12_m16.jpg
data/images/03_09_2020_1/output_0029/i0000765_s12_m17.jpg
data/images/03_09_2020_1/output_0038/i0000553_s12_m17.jpg
data/images/03_10_2020_1/output_0000/i0000266_s12_m16.jpg
data/images/03_10_2020_1/output_0007/i0000089_s12_m16.jpg
data/images/03_10_2020_1/output_0005/i0000094_s12_m16.jpg
data/images/03_09_2020_1/output_0023/i0000296_s12_m16.jpg
data/images/03_06_2020_0/output_0011/i0000062_s12_m17.jpg
data/images/03_09_2020_1/output_0043/i0000501_s12_m17.jpg
data/images/03_09_2020_1/output_0035/i0000406_s12_m16.jpg
data/images/03_09_2020_1/output_0035/i0000559_s12_m17.jpg
data/images/03_09_2020_1/output_0030/i0000704_s12_m17.jpg
data/images/03_06_2020_0/output_0008/i0000688_s12_m16.jpg
data/images/03_10_2020_1/output_0012/i0000546_s12_m16.jpg
data/images/03_09_2020_1/output_0033/i0000164_s12_m16.jpg
data/images/03_10_2020_1/output_0015/i0000040_s12_m16.jpg
data/images/03_10_2020_1/output_0005/i0000981_s12_m16.jpg
data/images/03_09_2020_1/output_0015/i0000628_s12_m17.jpg
data/images/03_09_2020_1/output_0035/i0000166_s12_m17.jpg
data/images/03_06_2020_0/output_0006/i0000805_s12_m16.jpg
data/images/03_09_2020_1/output_0034/i0000467_s12_m17.jpg
data/images/03_10_2020_1/output_0003/i0000858_s12_m16.jpg
data/images/03_10_2020_1/output_0000/i0000347_s12_m16.jpg
data/images/03_09_2020_1/output_0018/i0000410_s12_m16.jpg
data/images/03_06_2020_0/output_0006/i0000929_s12_m17.jpg
data/images/03_09_2020_1/output_0018/i0000538_s12_m17.jpg
data/images/03_09_2020_1/output_0035/i0000615_s12_m17.jpg
data/images/03_10_2020_1/output_0005/i0000072_s12_m16.jpg
data/images/03_10_2020_1/output_0013/i0000174_s12_m16.jpg
data/images/03_09_2020_1/output_0037/i0000592_s12_m17.jpg
data/images/03_06_2020_0/output_0008/i0001413_s12_m17.jpg
data/images/03_10_2020_1/output_0006/i0000601_s12_m16.jpg
data/images/03_10_2020_1/output_0001/i0000236_s12_m16.jpg
data/images/03_06_2020_0/output_0006/i0000960_s12_m17.jpg
data/images/03_10_2020_1/output_0015/i0000361_s12_m16.jpg
data/images/03_06_2020_0/output_0004/i0000111_s12_m15.jpg
data/images/03_06_2020_0/output_0008/i0001430_s12_m17.jpg
data/images/03_10_2020_1/output_0007/i0000315_s12_m16.jpg
data/images/03_06_2020_0/output_0008/i0000408_s12_m17.jpg
data/images/03_10_2020_1/output_0003/i0000377_s12_m16.jpg
data/images/03_10_2020_1/output_0012/i0000913_s12_m16.jpg
data/images/03_09_2020_1/output_0041/i0000138_s12_m17.jpg
data/images/03_06_2020_0/output_0011/i0001400_s12_m18.jpg
data/images/03_09_2020_1/output_0038/i0000680_s12_m16.jpg
data/images/03_10_2020_1/output_0003/i0000634_s12_m16.jpg
data/images/03_09_2020_1/output_0022/i0000197_s12_m17.jpg
data/images/03_06_2020_0/output_0011/i0000441_s12_m16.jpg
data/images/03_09_2020_1/output_0023/i0000104_s12_m16.jpg
data/images/03_09_2020_1/output_0036/i0000528_s12_m16.jpg
data/images/03_09_2020_1/output_0024/i0000564_s12_m17.jpg
data/images/03_10_2020_1/output_0013/i0000420_s12_m16.jpg
data/images/03_09_2020_1/output_0019/i0000040_s12_m16.jpg
data/images/03_09_2020_1/output_0042/i0000358_s12_m17.jpg
data/images/03_10_2020_1/output_0007/i0000535_s12_m16.jpg
data/images/03_09_2020_1/output_0034/i0000087_s12_m16.jpg
data/images/03_09_2020_1/output_0013/i0000247_s12_m17.jpg
data/images/03_09_2020_1/output_0022/i0000190_s12_m16.jpg
data/images/03_09_2020_1/output_0017/i0000029_s12_m15.jpg
data/images/03_09_2020_1/output_0032/i0000147_s12_m17.jpg
data/images/03_09_2020_1/output_0040/i0000474_s12_m17.jpg
data/images/03_06_2020_0/output_0006/i0001077_s12_m16.jpg
data/images/03_10_2020_1/output_0014/i0000365_s12_m16.jpg
data/images/03_09_2020_1/output_0033/i0000485_s12_m17.jpg
data/images/03_09_2020_1/output_0043/i0000726_s12_m17.jpg
data/images/03_09_2020_1/output_0030/i0000656_s12_m16.jpg
data/images/03_10_2020_1/output_0000/i0000588_s12_m16.jpg
data/images/03_09_2020_1/output_0032/i0000310_s12_m17.jpg
data/images/03_10_2020_1/output_0006/i0000715_s12_m16.jpg
data/images/03_10_2020_1/output_0014/i0000653_s12_m16.jpg
data/images/03_09_2020_1/output_0022/i0000108_s12_m17.jpg
data/images/03_09_2020_1/output_0031/i0000342_s12_m16.jpg
data/images/03_09_2020_1/output_0019/i0000460_s12_m17.jpg
data/images/03_09_2020_1/output_0036/i0000527_s12_m16.jpg
data/images/03_06_2020_0/output_0008/i0000421_s12_m17.jpg
data/images/03_09_2020_1/output_0036/i0000630_s12_m17.jpg
data/images/03_06_2020_0/output_0006/i0000728_s12_m17.jpg
data/images/03_09_2020_1/output_0026/i0000205_s12_m16.jpg
data/images/03_09_2020_1/output_0018/i0000226_s12_m17.jpg
data/images/03_10_2020_1/output_0012/i0000572_s12_m16.jpg
data/images/03_09_2020_1/output_0026/i0000440_s12_m17.jpg
data/images/03_06_2020_0/output_0008/i0000512_s12_m17.jpg
data/images/03_06_2020_0/output_0008/i0000267_s12_m17.jpg
data/images/03_10_2020_1/output_0000/i0000117_s12_m15.jpg
data/images/03_09_2020_1/output_0033/i0000746_s12_m16.jpg
data/images/03_09_2020_1/output_0019/i0000134_s12_m16.jpg
data/images/03_09_2020_1/output_0038/i0000237_s12_m16.jpg
data/images/03_09_2020_1/output_0033/i0000130_s12_m16.jpg
data/images/03_09_2020_1/output_0032/i0000622_s12_m17.jpg
data/images/03_06_2020_0/output_0004/i0000117_s12_m17.jpg
data/images/03_10_2020_1/output_0004/i0000576_s12_m16.jpg
data/images/03_10_2020_1/output_0015/i0000039_s12_m16.jpg
data/images/03_09_2020_1/output_0022/i0000250_s12_m17.jpg
data/images/03_09_2020_1/output_0038/i0000561_s12_m17.jpg
data/images/03_10_2020_1/output_0010/i0000013_s12_m15.jpg
data/images/03_09_2020_1/output_0030/i0000466_s12_m16.jpg
data/images/03_10_2020_1/output_0012/i0000413_s12_m16.jpg
data/images/03_10_2020_1/output_0005/i0000250_s12_m16.jpg
data/images/03_09_2020_1/output_0027/i0000201_s12_m18.jpg
data/images/03_09_2020_1/output_0033/i0000707_s12_m16.jpg
data/images/03_09_2020_1/output_0023/i0000239_s12_m16.jpg
data/images/03_09_2020_1/output_0043/i0000503_s12_m17.jpg
data/images/03_10_2020_1/output_0008/i0000699_s12_m16.jpg
data/images/03_09_2020_1/output_0034/i0000358_s12_m16.jpg
data/images/03_10_2020_1/output_0014/i0000860_s12_m16.jpg
data/images/03_09_2020_1/output_0039/i0000370_s12_m17.jpg
data/images/03_10_2020_1/output_0003/i0000453_s12_m16.jpg
data/images/03_09_2020_1/output_0023/i0000368_s12_m16.jpg
data/images/03_09_2020_1/output_0032/i0000918_s12_m17.jpg
data/images/03_10_2020_1/output_0009/i0000681_s12_m16.jpg
data/images/03_09_2020_1/output_0018/i0000299_s12_m15.jpg
data/images/03_09_2020_1/output_0041/i0000649_s12_m16.jpg
data/images/03_10_2020_1/output_0004/i0000770_s12_m16.jpg
data/images/03_10_2020_1/output_0013/i0000490_s12_m16.jpg
data/images/03_09_2020_1/output_0024/i0000647_s12_m17.jpg
data/images/03_06_2020_0/output_0009/i0000914_s12_m17.jpg
data/images/03_10_2020_1/output_0004/i0000318_s12_m16.jpg
data/images/03_10_2020_1/output_0006/i0000319_s12_m16.jpg
data/images/03_10_2020_1/output_0007/i0000539_s12_m16.jpg
data/images/03_10_2020_1/output_0007/i0000603_s12_m16.jpg
data/images/03_09_2020_1/output_0019/i0000138_s12_m16.jpg
data/images/03_09_2020_1/output_0032/i0000422_s12_m17.jpg
data/images/03_09_2020_1/output_0038/i0000150_s12_m16.jpg
data/images/03_09_2020_1/output_0038/i0000239_s12_m16.jpg
data/images/03_06_2020_0/output_0011/i0000385_s12_m17.jpg
data/images/03_09_2020_1/output_0036/i0000059_s12_m17.jpg
data/images/03_10_2020_1/output_0002/i0000169_s12_m16.jpg
data/images/03_10_2020_1/output_0005/i0000444_s12_m16.jpg
data/images/03_09_2020_1/output_0033/i0000612_s12_m16.jpg
data/images/03_10_2020_1/output_0007/i0000758_s12_m16.jpg
data/images/03_10_2020_1/output_0014/i0000526_s12_m16.jpg
data/images/03_09_2020_1/output_0036/i0000246_s12_m17.jpg
data/images/03_10_2020_1/output_0005/i0000430_s12_m16.jpg
data/images/03_06_2020_0/output_0008/i0001321_s12_m17.jpg
data/images/03_09_2020_1/output_0026/i0000498_s12_m17.jpg
data/images/03_10_2020_1/output_0000/i0000283_s12_m16.jpg
data/images/03_10_2020_1/output_0011/i0000115_s12_m16.jpg
data/images/03_09_2020_1/output_0022/i0000137_s12_m16.jpg
data/images/03_06_2020_0/output_0004/i0000462_s12_m16.jpg
data/images/03_09_2020_1/output_0033/i0000418_s12_m17.jpg
data/images/03_06_2020_0/output_0008/i0000816_s12_m16.jpg
data/images/03_09_2020_1/output_0030/i0000472_s12_m16.jpg
data/images/03_10_2020_1/output_0014/i0000703_s12_m16.jpg
data/images/03_06_2020_0/output_0004/i0000858_s12_m16.jpg
data/images/03_06_2020_0/output_0011/i0000956_s12_m17.jpg
data/images/03_10_2020_1/output_0002/i0000170_s12_m16.jpg
data/images/03_10_2020_1/output_0010/i0000331_s12_m16.jpg
data/images/03_09_2020_1/output_0042/i0000105_s12_m16.jpg
data/images/03_06_2020_0/output_0008/i0000028_s12_m16.jpg
data/images/03_10_2020_1/output_0009/i0000132_s12_m15.jpg
data/images/03_10_2020_1/output_0007/i0000274_s12_m16.jpg
data/images/03_10_2020_1/output_0013/i0000499_s12_m16.jpg
data/images/03_10_2020_1/output_0005/i0000233_s12_m16.jpg
data/images/03_06_2020_0/output_0008/i0000068_s12_m16.jpg
data/images/03_10_2020_1/output_0006/i0000279_s12_m16.jpg
data/images/03_09_2020_1/output_0032/i0000154_s12_m17.jpg
data/images/03_10_2020_1/output_0003/i0000417_s12_m16.jpg
data/images/03_09_2020_1/output_0029/i0000456_s12_m16.jpg
data/images/03_06_2020_0/output_0004/i0000861_s12_m16.jpg
data/images/03_06_2020_0/output_0008/i0000066_s12_m17.jpg
data/images/03_06_2020_0/output_0006/i0000248_s12_m17.jpg
data/images/03_09_2020_1/output_0013/i0000416_s12_m17.jpg
data/images/03_09_2020_1/output_0020/i0000594_s12_m17.jpg
data/images/03_10_2020_1/output_0003/i0000776_s12_m16.jpg
data/images/03_06_2020_0/output_0004/i0000379_s12_m16.jpg
data/images/03_09_2020_1/output_0020/i0000203_s12_m17.jpg
data/images/03_09_2020_1/output_0021/i0000093_s12_m16.jpg
data/images/03_09_2020_1/output_0021/i0000681_s12_m17.jpg
data/images/03_09_2020_1/output_0029/i0000368_s12_m16.jpg
data/images/03_09_2020_1/output_0042/i0000647_s12_m16.jpg
data/images/03_09_2020_1/output_0021/i0000699_s12_m17.jpg
data/images/03_09_2020_1/output_0031/i0000563_s12_m17.jpg
data/images/03_10_2020_1/output_0013/i0000018_s12_m16.jpg
data/images/03_09_2020_1/output_0038/i0000697_s12_m17.jpg
data/images/03_06_2020_0/output_0008/i0000551_s12_m17.jpg
data/images/03_06_2020_0/output_0011/i0000732_s12_m17.jpg
data/images/03_10_2020_1/output_0006/i0000552_s12_m16.jpg
data/images/03_06_2020_0/output_0011/i0000682_s12_m17.jpg
data/images/03_09_2020_1/output_0039/i0000096_s12_m16.jpg
data/images/03_06_2020_0/output_0009/i0000212_s12_m17.jpg
data/images/03_09_2020_1/output_0031/i0000346_s12_m16.jpg
data/images/03_09_2020_1/output_0039/i0000060_s12_m16.jpg
data/images/03_09_2020_1/output_0019/i0000336_s12_m17.jpg
data/images/03_09_2020_1/output_0038/i0000514_s12_m17.jpg
data/images/03_06_2020_0/output_0009/i0000868_s12_m17.jpg
data/images/03_09_2020_1/output_0023/i0000369_s12_m16.jpg
data/images/03_06_2020_0/output_0006/i0001186_s12_m16.jpg
data/images/03_10_2020_1/output_0001/i0000330_s12_m16.jpg
data/images/03_10_2020_1/output_0003/i0000565_s12_m16.jpg
data/images/03_09_2020_1/output_0026/i0000157_s12_m17.jpg
data/images/03_09_2020_1/output_0033/i0000450_s12_m17.jpg
data/images/03_09_2020_1/output_0013/i0000173_s12_m16.jpg
data/images/03_10_2020_1/output_0008/i0000672_s12_m15.jpg
data/images/03_09_2020_1/output_0036/i0000432_s12_m16.jpg
data/images/03_06_2020_0/output_0009/i0001372_s12_m17.jpg
data/images/03_06_2020_0/output_0011/i0001195_s12_m18.jpg
data/images/03_09_2020_1/output_0026/i0000223_s12_m17.jpg
data/images/03_10_2020_1/output_0003/i0000739_s12_m16.jpg
data/images/03_10_2020_1/output_0015/i0000129_s12_m16.jpg
data/images/03_10_2020_1/output_0011/i0000410_s12_m16.jpg
data/images/03_10_2020_1/output_0014/i0000835_s12_m16.jpg
data/images/03_09_2020_1/output_0031/i0000538_s12_m17.jpg
data/images/03_10_2020_1/output_0014/i0000043_s12_m16.jpg
data/images/03_09_2020_1/output_0039/i0000371_s12_m17.jpg
data/images/03_10_2020_1/output_0015/i0000611_s12_m16.jpg
data/images/03_09_2020_1/output_0040/i0000544_s12_m17.jpg
data/images/03_09_2020_1/output_0023/i0000403_s12_m16.jpg
data/images/03_10_2020_1/output_0006/i0000540_s12_m16.jpg
data/images/03_10_2020_1/output_0011/i0000113_s12_m16.jpg
data/images/03_09_2020_1/output_0026/i0000067_s12_m17.jpg
data/images/03_10_2020_1/output_0012/i0000793_s12_m16.jpg
data/images/03_06_2020_0/output_0009/i0000175_s12_m16.jpg
data/images/03_06_2020_0/output_0004/i0000656_s12_m16.jpg
data/images/03_09_2020_1/output_0020/i0000675_s12_m17.jpg
data/images/03_09_2020_1/output_0021/i0000629_s12_m17.jpg
data/images/03_09_2020_1/output_0020/i0000376_s12_m17.jpg
data/images/03_09_2020_1/output_0040/i0000646_s12_m17.jpg
data/images/03_09_2020_1/output_0033/i0000214_s12_m16.jpg
data/images/03_10_2020_1/output_0004/i0000725_s12_m16.jpg
data/images/03_10_2020_1/output_0009/i0000176_s12_m16.jpg
data/images/03_09_2020_1/output_0017/i0000055_s12_m15.jpg
data/images/03_10_2020_1/output_0006/i0000205_s12_m16.jpg
data/images/03_10_2020_1/output_0010/i0000817_s12_m16.jpg
data/images/03_06_2020_0/output_0006/i0000103_s12_m16.jpg
data/images/03_09_2020_1/output_0029/i0000641_s12_m16.jpg
data/images/03_09_2020_1/output_0035/i0000727_s12_m16.jpg
data/images/03_06_2020_0/output_0011/i0000200_s12_m17.jpg
data/images/03_06_2020_0/output_0008/i0000128_s12_m17.jpg
data/images/03_06_2020_0/output_0009/i0000333_s12_m16.jpg
data/images/03_09_2020_1/output_0031/i0000297_s12_m17.jpg
data/images/03_10_2020_1/output_0009/i0000081_s12_m16.jpg
data/images/03_10_2020_1/output_0008/i0000072_s12_m16.jpg
data/images/03_09_2020_1/output_0034/i0000077_s12_m16.jpg
data/images/03_10_2020_1/output_0007/i0000273_s12_m16.jpg
data/images/03_10_2020_1/output_0000/i0000142_s12_m16.jpg
data/images/03_09_2020_1/output_0042/i0000273_s12_m17.jpg
data/images/03_09_2020_1/output_0026/i0000466_s12_m17.jpg
data/images/03_10_2020_1/output_0003/i0000758_s12_m16.jpg
data/images/03_09_2020_1/output_0030/i0000151_s12_m17.jpg
data/images/03_09_2020_1/output_0032/i0000244_s12_m17.jpg
data/images/03_06_2020_0/output_0006/i0001026_s12_m17.jpg
data/images/03_09_2020_1/output_0030/i0000157_s12_m17.jpg
data/images/03_09_2020_1/output_0042/i0000467_s12_m16.jpg
data/images/03_09_2020_1/output_0030/i0000435_s12_m17.jpg
data/images/03_10_2020_1/output_0006/i0000740_s12_m16.jpg
data/images/03_09_2020_1/output_0043/i0000464_s12_m17.jpg
data/images/03_10_2020_1/output_0003/i0000726_s12_m16.jpg
data/images/03_09_2020_1/output_0039/i0000474_s12_m17.jpg
data/images/03_09_2020_1/output_0041/i0000310_s12_m17.jpg
data/images/03_09_2020_1/output_0023/i0000161_s12_m16.jpg
data/images/03_06_2020_0/output_0011/i0001449_s12_m18.jpg
data/images/03_09_2020_1/output_0026/i0000508_s12_m17.jpg
data/images/03_09_2020_1/output_0019/i0000419_s12_m17.jpg
data/images/03_06_2020_0/output_0011/i0001348_s12_m18.jpg
data/images/03_10_2020_1/output_0013/i0000486_s12_m16.jpg
data/images/03_10_2020_1/output_0011/i0000950_s12_m16.jpg
data/images/03_09_2020_1/output_0042/i0000424_s12_m17.jpg
data/images/03_06_2020_0/output_0008/i0000492_s12_m17.jpg
data/images/03_09_2020_1/output_0018/i0000549_s12_m17.jpg
data/images/03_10_2020_1/output_0010/i0000329_s12_m16.jpg
data/images/03_10_2020_1/output_0003/i0000473_s12_m16.jpg
data/images/03_09_2020_1/output_0029/i0000669_s12_m16.jpg
data/images/03_06_2020_0/output_0011/i0000214_s12_m16.jpg
data/images/03_06_2020_0/output_0011/i0000847_s12_m17.jpg
data/images/03_10_2020_1/output_0005/i0000707_s12_m16.jpg
data/images/03_09_2020_1/output_0026/i0000064_s12_m16.jpg
data/images/03_10_2020_1/output_0009/i0000409_s12_m16.jpg
data/images/03_10_2020_1/output_0008/i0000354_s12_m16.jpg
data/images/03_10_2020_1/output_0007/i0000138_s12_m16.jpg
data/images/03_10_2020_1/output_0008/i0000552_s12_m15.jpg
data/images/03_06_2020_0/output_0004/i0000502_s12_m17.jpg
data/images/03_09_2020_1/output_0022/i0000407_s12_m17.jpg
data/images/03_09_2020_1/output_0021/i0000235_s12_m17.jpg
data/images/03_10_2020_1/output_0015/i0000624_s12_m16.jpg
data/images/03_09_2020_1/output_0024/i0000599_s12_m17.jpg
data/images/03_10_2020_1/output_0012/i0000740_s12_m16.jpg
data/images/03_10_2020_1/output_0010/i0000807_s12_m16.jpg
data/images/03_09_2020_1/output_0020/i0000172_s12_m16.jpg
data/images/03_10_2020_1/output_0008/i0000205_s12_m16.jpg
data/images/03_09_2020_1/output_0031/i0000631_s12_m16.jpg
data/images/03_09_2020_1/output_0040/i0000156_s12_m17.jpg
data/images/03_06_2020_0/output_0008/i0000477_s12_m16.jpg
data/images/03_10_2020_1/output_0012/i0000261_s12_m16.jpg
data/images/03_09_2020_1/output_0019/i0000344_s12_m17.jpg
data/images/03_10_2020_1/output_0013/i0000394_s12_m16.jpg
data/images/03_10_2020_1/output_0004/i0000992_s12_m16.jpg
data/images/03_10_2020_1/output_0012/i0000527_s12_m16.jpg
data/images/03_09_2020_1/output_0020/i0000641_s12_m17.jpg
data/images/03_09_2020_1/output_0023/i0000429_s12_m16.jpg
data/images/03_06_2020_0/output_0006/i0000384_s12_m16.jpg
data/images/03_10_2020_1/output_0015/i0000491_s12_m16.jpg
data/images/03_06_2020_0/output_0004/i0000497_s12_m17.jpg
data/images/03_10_2020_1/output_0010/i0000116_s12_m16.jpg
data/images/03_09_2020_1/output_0043/i0000511_s12_m17.jpg
data/images/03_09_2020_1/output_0030/i0000398_s12_m17.jpg
data/images/03_09_2020_1/output_0038/i0000669_s12_m16.jpg
data/images/03_10_2020_1/output_0012/i0000877_s12_m16.jpg
data/images/03_10_2020_1/output_0016/i0000289_s12_m18.jpg
data/images/03_09_2020_1/output_0034/i0000321_s12_m16.jpg
data/images/03_06_2020_0/output_0006/i0000520_s12_m17.jpg
data/images/03_09_2020_1/output_0024/i0000563_s12_m17.jpg
data/images/03_09_2020_1/output_0026/i0000248_s12_m17.jpg
data/images/03_10_2020_1/output_0004/i0001031_s12_m16.jpg
data/images/03_10_2020_1/output_0008/i0000337_s12_m16.jpg
data/images/03_06_2020_0/output_0009/i0000335_s12_m16.jpg
data/images/03_09_2020_1/output_0039/i0000396_s12_m17.jpg
data/images/03_09_2020_1/output_0038/i0000442_s12_m17.jpg
data/images/03_09_2020_1/output_0036/i0000146_s12_m17.jpg
data/images/03_10_2020_1/output_0005/i0000798_s12_m16.jpg
data/images/03_10_2020_1/output_0004/i0000028_s12_m16.jpg
data/images/03_10_2020_1/output_0015/i0000081_s12_m16.jpg
data/images/03_10_2020_1/output_0003/i0000558_s12_m16.jpg
data/images/03_09_2020_1/output_0041/i0000513_s12_m17.jpg
data/images/03_06_2020_0/output_0006/i0000427_s12_m17.jpg
data/images/03_10_2020_1/output_0003/i0000561_s12_m16.jpg
data/images/03_09_2020_1/output_0022/i0000191_s12_m16.jpg
data/images/03_09_2020_1/output_0024/i0000632_s12_m17.jpg
data/images/03_10_2020_1/output_0005/i0000315_s12_m16.jpg
data/images/03_09_2020_1/output_0040/i0000576_s12_m17.jpg
data/images/03_10_2020_1/output_0014/i0000738_s12_m16.jpg
data/images/03_09_2020_1/output_0034/i0000459_s12_m17.jpg
data/images/03_09_2020_1/output_0031/i0000545_s12_m17.jpg
data/images/03_09_2020_1/output_0020/i0000637_s12_m17.jpg
data/images/03_09_2020_1/output_0044/i0000256_s12_m18.jpg
data/images/03_10_2020_1/output_0016/i0000141_s12_m18.jpg
data/images/03_09_2020_1/output_0026/i0000120_s12_m17.jpg
data/images/03_06_2020_0/output_0006/i0000574_s12_m16.jpg
data/images/03_10_2020_1/output_0000/i0000711_s12_m16.jpg
data/images/03_09_2020_1/output_0031/i0000428_s12_m17.jpg
data/images/03_10_2020_1/output_0000/i0000296_s12_m16.jpg
data/images/03_09_2020_1/output_0026/i0000568_s12_m17.jpg
data/images/03_10_2020_1/output_0009/i0000503_s12_m16.jpg
data/images/03_06_2020_0/output_0004/i0000975_s12_m16.jpg
data/images/03_09_2020_1/output_0038/i0000691_s12_m16.jpg
data/images/03_09_2020_1/output_0032/i0000867_s12_m17.jpg
data/images/03_09_2020_1/output_0043/i0000242_s12_m17.jpg
data/images/03_09_2020_1/output_0042/i0000050_s12_m16.jpg
data/images/03_09_2020_1/output_0037/i0000720_s12_m17.jpg
data/images/03_10_2020_1/output_0008/i0000396_s12_m16.jpg
data/images/03_09_2020_1/output_0026/i0000131_s12_m17.jpg
data/images/03_10_2020_1/output_0006/i0000489_s12_m16.jpg
data/images/03_06_2020_0/output_0004/i0000566_s12_m16.jpg
data/images/03_06_2020_0/output_0006/i0000572_s12_m16.jpg
data/images/03_09_2020_1/output_0024/i0000374_s12_m17.jpg
data/images/03_10_2020_1/output_0007/i0000382_s12_m16.jpg
data/images/03_09_2020_1/output_0041/i0000453_s12_m17.jpg
data/images/03_09_2020_1/output_0022/i0000136_s12_m16.jpg
data/images/03_10_2020_1/output_0006/i0000622_s12_m16.jpg
data/images/03_09_2020_1/output_0026/i0000337_s12_m17.jpg
data/images/03_10_2020_1/output_0005/i0000087_s12_m16.jpg
data/images/03_09_2020_1/output_0030/i0000846_s12_m17.jpg
data/images/03_09_2020_1/output_0019/i0000232_s12_m17.jpg
data/images/03_10_2020_1/output_0004/i0000745_s12_m16.jpg
data/images/03_10_2020_1/output_0007/i0000176_s12_m16.jpg
data/images/03_10_2020_1/output_0004/i0000434_s12_m15.jpg
data/images/03_06_2020_0/output_0009/i0000198_s12_m17.jpg
data/images/03_09_2020_1/output_0019/i0000039_s12_m16.jpg
data/images/03_10_2020_1/output_0009/i0000723_s12_m16.jpg
data/images/03_09_2020_1/output_0031/i0000587_s12_m17.jpg
data/images/03_09_2020_1/output_0019/i0000710_s12_m15.jpg
data/images/03_09_2020_1/output_0024/i0000036_s12_m16.jpg
data/images/03_09_2020_1/output_0040/i0000120_s12_m16.jpg
data/images/03_10_2020_1/output_0004/i0000244_s12_m16.jpg
data/images/03_06_2020_0/output_0009/i0000327_s12_m16.jpg
data/images/03_10_2020_1/output_0003/i0000701_s12_m16.jpg
data/images/03_10_2020_1/output_0003/i0000957_s12_m16.jpg
data/images/03_10_2020_1/output_0011/i0000157_s12_m16.jpg
data/images/03_10_2020_1/output_0006/i0000563_s12_m16.jpg
data/images/03_06_2020_0/output_0011/i0000672_s12_m17.jpg
data/images/03_09_2020_1/output_0043/i0000024_s12_m16.jpg
data/images/03_10_2020_1/output_0005/i0000176_s12_m16.jpg
data/images/03_09_2020_1/output_0034/i0000268_s12_m16.jpg
data/images/03_09_2020_1/output_0029/i0000521_s12_m16.jpg
data/images/03_10_2020_1/output_0007/i0000760_s12_m16.jpg
data/images/03_06_2020_0/output_0006/i0000962_s12_m17.jpg
data/images/03_10_2020_1/output_0000/i0000462_s12_m16.jpg
data/images/03_06_2020_0/output_0004/i0001214_s12_m16.jpg
data/images/03_09_2020_1/output_0036/i0000601_s12_m16.jpg
data/images/03_10_2020_1/output_0007/i0000139_s12_m16.jpg
data/images/03_10_2020_1/output_0011/i0000580_s12_m16.jpg
data/images/03_10_2020_1/output_0006/i0000551_s12_m16.jpg
data/images/03_09_2020_1/output_0030/i0000042_s12_m16.jpg
data/images/03_09_2020_1/output_0043/i0000443_s12_m17.jpg
data/images/03_09_2020_1/output_0018/i0000382_s12_m16.jpg
data/images/03_09_2020_1/output_0018/i0000097_s12_m17.jpg
data/images/03_10_2020_1/output_0011/i0000131_s12_m16.jpg
data/images/03_10_2020_1/output_0000/i0000351_s12_m16.jpg
data/images/03_09_2020_1/output_0020/i0000552_s12_m17.jpg
data/images/03_09_2020_1/output_0026/i0000147_s12_m17.jpg
data/images/03_06_2020_0/output_0011/i0000480_s12_m17.jpg
data/images/03_09_2020_1/output_0040/i0000517_s12_m17.jpg
data/images/03_09_2020_1/output_0014/i0000027_s12_m17.jpg
data/images/03_09_2020_1/output_0043/i0000363_s12_m17.jpg
data/images/03_10_2020_1/output_0003/i0000206_s12_m16.jpg
data/images/03_10_2020_1/output_0011/i0000521_s12_m16.jpg
data/images/03_06_2020_0/output_0011/i0000973_s12_m16.jpg
data/images/03_10_2020_1/output_0004/i0000062_s12_m15.jpg
data/images/03_10_2020_1/output_0009/i0000585_s12_m16.jpg
data/images/03_09_2020_1/output_0040/i0000478_s12_m17.jpg
data/images/03_10_2020_1/output_0011/i0000420_s12_m16.jpg
data/images/03_10_2020_1/output_0010/i0000982_s12_m16.jpg
data/images/03_10_2020_1/output_0009/i0000173_s12_m16.jpg
data/images/03_06_2020_0/output_0008/i0000274_s12_m17.jpg
data/images/03_09_2020_1/output_0030/i0000880_s12_m16.jpg
data/images/03_09_2020_1/output_0033/i0000243_s12_m17.jpg
data/images/03_09_2020_1/output_0032/i0000235_s12_m16.jpg
data/images/03_10_2020_1/output_0010/i0000141_s12_m15.jpg
data/images/03_09_2020_1/output_0021/i0000665_s12_m17.jpg
data/images/03_10_2020_1/output_0000/i0000364_s12_m16.jpg
data/images/03_10_2020_1/output_0007/i0000486_s12_m16.jpg
data/images/03_10_2020_1/output_0004/i0000031_s12_m17.jpg
data/images/03_09_2020_1/output_0029/i0000104_s12_m17.jpg
data/images/03_06_2020_0/output_0009/i0000149_s12_m16.jpg
data/images/03_10_2020_1/output_0006/i0000367_s12_m16.jpg
data/images/03_09_2020_1/output_0032/i0000077_s12_m17.jpg
data/images/03_10_2020_1/output_0010/i0000941_s12_m16.jpg
data/images/03_10_2020_1/output_0012/i0000594_s12_m16.jpg
data/images/03_06_2020_0/output_0009/i0000118_s12_m17.jpg
data/images/03_06_2020_0/output_0008/i0000214_s12_m17.jpg
data/images/03_09_2020_1/output_0038/i0000427_s12_m17.jpg
data/images/03_09_2020_1/output_0041/i0000236_s12_m17.jpg
data/images/03_09_2020_1/output_0013/i0000077_s12_m17.jpg
data/images/03_10_2020_1/output_0004/i0000316_s12_m16.jpg
data/images/03_09_2020_1/output_0022/i0000317_s12_m17.jpg
data/images/03_09_2020_1/output_0033/i0000334_s12_m16.jpg
data/images/03_10_2020_1/output_0011/i0000202_s12_m16.jpg
data/images/03_10_2020_1/output_0010/i0001006_s12_m16.jpg
data/images/03_06_2020_0/output_0011/i0000565_s12_m17.jpg
data/images/03_09_2020_1/output_0024/i0000361_s12_m17.jpg
data/images/03_06_2020_0/output_0011/i0000180_s12_m17.jpg
data/images/03_10_2020_1/output_0000/i0000724_s12_m16.jpg
data/images/03_09_2020_1/output_0024/i0000621_s12_m17.jpg
data/images/03_09_2020_1/output_0038/i0000201_s12_m16.jpg
data/images/03_10_2020_1/output_0014/i0000719_s12_m16.jpg
data/images/03_10_2020_1/output_0014/i0000066_s12_m16.jpg
data/images/03_09_2020_1/output_0036/i0000654_s12_m16.jpg
data/images/03_10_2020_1/output_0010/i0000736_s12_m16.jpg
data/images/03_10_2020_1/output_0001/i0000232_s12_m16.jpg
data/images/03_10_2020_1/output_0004/i0000063_s12_m15.jpg
data/images/03_10_2020_1/output_0012/i0000141_s12_m16.jpg
data/images/03_10_2020_1/output_0005/i0000466_s12_m16.jpg
data/images/03_09_2020_1/output_0013/i0000376_s12_m16.jpg
data/images/03_09_2020_1/output_0044/i0000070_s12_m17.jpg
data/images/03_10_2020_1/output_0012/i0000088_s12_m16.jpg
data/images/03_10_2020_1/output_0006/i0000459_s12_m16.jpg
data/images/03_09_2020_1/output_0031/i0000712_s12_m17.jpg
data/images/03_06_2020_0/output_0008/i0000479_s12_m16.jpg
data/images/03_09_2020_1/output_0033/i0000706_s12_m16.jpg
data/images/03_09_2020_1/output_0014/i0000433_s12_m17.jpg
data/images/03_06_2020_0/output_0006/i0000721_s12_m17.jpg
data/images/03_09_2020_1/output_0023/i0000106_s12_m16.jpg
data/images/03_09_2020_1/output_0022/i0000623_s12_m16.jpg
data/images/03_06_2020_0/output_0011/i0000573_s12_m17.jpg
data/images/03_10_2020_1/output_0000/i0000562_s12_m16.jpg
data/images/03_10_2020_1/output_0012/i0000216_s12_m16.jpg
data/images/03_10_2020_1/output_0001/i0000398_s12_m16.jpg
data/images/03_10_2020_1/output_0007/i0000455_s12_m16.jpg
data/images/03_10_2020_1/output_0007/i0000394_s12_m16.jpg
data/images/03_09_2020_1/output_0042/i0000071_s12_m17.jpg
data/images/03_09_2020_1/output_0024/i0000267_s12_m17.jpg
data/images/03_09_2020_1/output_0019/i0000594_s12_m17.jpg
data/images/03_06_2020_0/output_0009/i0000961_s12_m17.jpg
data/images/03_06_2020_0/output_0008/i0000371_s12_m17.jpg
data/images/03_10_2020_1/output_0015/i0000697_s12_m16.jpg
data/images/03_10_2020_1/output_0005/i0000623_s12_m16.jpg
data/images/03_09_2020_1/output_0037/i0000428_s12_m17.jpg
data/images/03_10_2020_1/output_0003/i0000860_s12_m16.jpg
data/images/03_10_2020_1/output_0013/i0000619_s12_m16.jpg
data/images/03_09_2020_1/output_0029/i0000088_s12_m19.jpg
data/images/03_09_2020_1/output_0020/i0000507_s12_m17.jpg
data/images/03_09_2020_1/output_0022/i0000153_s12_m16.jpg
data/images/03_09_2020_1/output_0042/i0000261_s12_m17.jpg
data/images/03_10_2020_1/output_0012/i0000387_s12_m16.jpg
data/images/03_06_2020_0/output_0008/i0000067_s12_m16.jpg
data/images/03_09_2020_1/output_0043/i0000747_s12_m17.jpg
data/images/03_10_2020_1/output_0012/i0000519_s12_m16.jpg
data/images/03_09_2020_1/output_0037/i0000684_s12_m17.jpg
data/images/03_09_2020_1/output_0013/i0000058_s12_m16.jpg
data/images/03_10_2020_1/output_0011/i0000749_s12_m16.jpg
data/images/03_09_2020_1/output_0039/i0000529_s12_m16.jpg
data/images/03_10_2020_1/output_0007/i0000656_s12_m16.jpg
data/images/03_06_2020_0/output_0008/i0001222_s12_m17.jpg
data/images/03_09_2020_1/output_0042/i0000070_s12_m17.jpg
data/images/03_10_2020_1/output_0016/i0000119_s12_m18.jpg
data/images/03_09_2020_1/output_0043/i0000679_s12_m17.jpg
data/images/03_09_2020_1/output_0026/i0000131_s12_m17.jpg
data/images/03_09_2020_1/output_0033/i0000445_s12_m17.jpg
data/images/03_09_2020_1/output_0038/i0000089_s12_m16.jpg
data/images/03_06_2020_0/output_0011/i0000040_s12_m17.jpg
data/images/03_09_2020_1/output_0037/i0000020_s12_m17.jpg
data/images/03_10_2020_1/output_0012/i0000435_s12_m16.jpg
data/images/03_09_2020_1/output_0037/i0000382_s12_m16.jpg
data/images/03_09_2020_1/output_0033/i0000154_s12_m16.jpg
data/images/03_10_2020_1/output_0014/i0000389_s12_m16.jpg
data/images/03_09_2020_1/output_0033/i0000365_s12_m16.jpg
data/images/03_09_2020_1/output_0013/i0000206_s12_m17.jpg
data/images/03_09_2020_1/output_0020/i0000478_s12_m17.jpg
data/images/03_06_2020_0/output_0008/i0000047_s12_m16.jpg
data/images/03_10_2020_1/output_0015/i0000475_s12_m16.jpg
data/images/03_09_2020_1/output_0034/i0000089_s12_m16.jpg
data/images/03_09_2020_1/output_0039/i0000279_s12_m17.jpg
data/images/03_10_2020_1/output_0003/i0000268_s12_m16.jpg
data/images/03_06_2020_0/output_0006/i0000848_s12_m16.jpg
data/images/03_06_2020_0/output_0011/i0000485_s12_m17.jpg
data/images/03_10_2020_1/output_0008/i0000496_s12_m16.jpg
data/images/03_09_2020_1/output_0038/i0000097_s12_m16.jpg
data/images/03_09_2020_1/output_0024/i0000513_s12_m17.jpg
data/images/03_10_2020_1/output_0012/i0000643_s12_m16.jpg
data/images/03_09_2020_1/output_0026/i0000428_s12_m17.jpg
data/images/03_09_2020_1/output_0040/i0000644_s12_m17.jpg
data/images/03_09_2020_1/output_0039/i0000287_s12_m17.jpg
data/images/03_09_2020_1/output_0037/i0000358_s12_m17.jpg
data/images/03_10_2020_1/output_0003/i0000700_s12_m16.jpg
data/images/03_09_2020_1/output_0036/i0000604_s12_m16.jpg
data/images/03_10_2020_1/output_0000/i0000386_s12_m16.jpg
data/images/03_09_2020_1/output_0033/i0000613_s12_m16.jpg
data/images/03_10_2020_1/output_0001/i0000303_s12_m16.jpg
data/images/03_09_2020_1/output_0021/i0000435_s12_m17.jpg
data/images/03_10_2020_1/output_0006/i0000188_s12_m16.jpg
data/images/03_09_2020_1/output_0035/i0000614_s12_m17.jpg
data/images/03_09_2020_1/output_0037/i0000402_s12_m17.jpg
data/images/03_10_2020_1/output_0004/i0001036_s12_m16.jpg
data/images/03_09_2020_1/output_0022/i0000479_s12_m16.jpg
data/images/03_06_2020_0/output_0004/i0001233_s12_m17.jpg
data/images/03_09_2020_1/output_0031/i0000391_s12_m17.jpg
data/images/03_06_2020_0/output_0009/i0001371_s12_m17.jpg
data/images/03_06_2020_0/output_0008/i0000320_s12_m17.jpg
data/images/03_09_2020_1/output_0038/i0000287_s12_m17.jpg
data/images/03_09_2020_1/output_0039/i0000098_s12_m16.jpg
data/images/03_09_2020_1/output_0041/i0000681_s12_m17.jpg
data/images/03_10_2020_1/output_0007/i0000413_s12_m16.jpg
data/images/03_10_2020_1/output_0004/i0000315_s12_m16.jpg
data/images/03_10_2020_1/output_0008/i0000959_s12_m16.jpg
data/images/03_09_2020_1/output_0036/i0000347_s12_m16.jpg
data/images/03_09_2020_1/output_0034/i0000097_s12_m16.jpg
data/images/03_10_2020_1/output_0014/i0000435_s12_m16.jpg
data/images/03_10_2020_1/output_0014/i0000631_s12_m16.jpg
data/images/03_09_2020_1/output_0035/i0000507_s12_m17.jpg
data/images/03_10_2020_1/output_0006/i0000293_s12_m16.jpg
data/images/03_06_2020_0/output_0011/i0001486_s12_m19.jpg
data/images/03_10_2020_1/output_0006/i0000637_s12_m16.jpg
data/images/03_10_2020_1/output_0010/i0000295_s12_m16.jpg
data/images/03_09_2020_1/output_0039/i0000342_s12_m17.jpg
data/images/03_09_2020_1/output_0035/i0000427_s12_m16.jpg
data/images/03_09_2020_1/output_0035/i0000153_s12_m17.jpg
data/images/03_06_2020_0/output_0006/i0000226_s12_m17.jpg
data/images/03_09_2020_1/output_0019/i0000515_s12_m17.jpg
data/images/03_10_2020_1/output_0014/i0000554_s12_m16.jpg
data/images/03_09_2020_1/output_0014/i0000263_s12_m17.jpg
data/images/03_09_2020_1/output_0041/i0000695_s12_m17.jpg
data/images/03_10_2020_1/output_0006/i0000152_s12_m16.jpg
data/images/03_09_2020_1/output_0034/i0000249_s12_m16.jpg
data/images/03_09_2020_1/output_0043/i0000721_s12_m17.jpg
data/images/03_10_2020_1/output_0014/i0000355_s12_m16.jpg
data/images/03_10_2020_1/output_0013/i0000631_s12_m16.jpg
data/images/03_10_2020_1/output_0016/i0000064_s12_m17.jpg
data/images/03_06_2020_0/output_0011/i0000620_s12_m17.jpg
data/images/03_10_2020_1/output_0014/i0000306_s12_m16.jpg
data/images/03_10_2020_1/output_0014/i0000501_s12_m16.jpg
data/images/03_09_2020_1/output_0040/i0000715_s12_m17.jpg
data/images/03_09_2020_1/output_0024/i0000605_s12_m17.jpg
data/images/03_10_2020_1/output_0000/i0000311_s12_m16.jpg
data/images/03_06_2020_0/output_0008/i0001025_s12_m17.jpg
data/images/03_09_2020_1/output_0040/i0000085_s12_m16.jpg
data/images/03_10_2020_1/output_0000/i0000353_s12_m16.jpg
data/images/03_09_2020_1/output_0043/i0000142_s12_m16.jpg
data/images/03_10_2020_1/output_0003/i0000267_s12_m16.jpg
data/images/03_09_2020_1/output_0024/i0000411_s12_m17.jpg
data/images/03_06_2020_0/output_0004/i0000857_s12_m16.jpg
data/images/03_09_2020_1/output_0040/i0000237_s12_m17.jpg
data/images/03_10_2020_1/output_0008/i0000295_s12_m16.jpg
data/images/03_09_2020_1/output_0029/i0000556_s12_m16.jpg
data/images/03_10_2020_1/output_0006/i0000320_s12_m16.jpg
data/images/03_09_2020_1/output_0043/i0000710_s12_m17.jpg
data/images/03_10_2020_1/output_0014/i0000299_s12_m16.jpg
data/images/03_09_2020_1/output_0026/i0000067_s12_m17.jpg
data/images/03_10_2020_1/output_0013/i0000908_s12_m16.jpg
data/images/03_10_2020_1/output_0013/i0000750_s12_m16.jpg
data/images/03_10_2020_1/output_0010/i0000984_s12_m16.jpg
data/images/03_09_2020_1/output_0027/i0000119_s12_m18.jpg
data/images/03_06_2020_0/output_0004/i0000919_s12_m16.jpg
data/images/03_10_2020_1/output_0014/i0000778_s12_m16.jpg
data/images/03_09_2020_1/output_0026/i0000156_s12_m17.jpg
data/images/03_09_2020_1/output_0039/i0000332_s12_m17.jpg
data/images/03_09_2020_1/output_0021/i0000249_s12_m17.jpg
data/images/03_10_2020_1/output_0013/i0000647_s12_m16.jpg
data/images/03_10_2020_1/output_0009/i0000713_s12_m16.jpg
data/images/03_10_2020_1/output_0015/i0000801_s12_m16.jpg
data/images/03_09_2020_1/output_0035/i0000561_s12_m17.jpg
data/images/03_10_2020_1/output_0014/i0000513_s12_m16.jpg
data/images/03_10_2020_1/output_0011/i0000141_s12_m16.jpg
data/images/03_09_2020_1/output_0038/i0000403_s12_m16.jpg
data/images/03_09_2020_1/output_0029/i0000223_s12_m17.jpg
data/images/03_10_2020_1/output_0011/i0000886_s12_m16.jpg
data/images/03_10_2020_1/output_0006/i0000609_s12_m16.jpg
data/images/03_10_2020_1/output_0003/i0000165_s12_m15.jpg
data/images/03_09_2020_1/output_0033/i0000411_s12_m17.jpg
data/images/03_09_2020_1/output_0032/i0000407_s12_m17.jpg
data/images/03_09_2020_1/output_0020/i0000590_s12_m17.jpg
data/images/03_10_2020_1/output_0010/i0000936_s12_m16.jpg
data/images/03_09_2020_1/output_0021/i0000257_s12_m17.jpg
data/images/03_10_2020_1/output_0009/i0000105_s12_m16.jpg
data/images/03_09_2020_1/output_0031/i0000178_s12_m16.jpg
data/images/03_06_2020_0/output_0006/i0000513_s12_m16.jpg
data/images/03_09_2020_1/output_0022/i0000198_s12_m17.jpg
data/images/03_09_2020_1/output_0024/i0000503_s12_m17.jpg
data/images/03_06_2020_0/output_0004/i0000860_s12_m16.jpg
data/images/03_09_2020_1/output_0026/i0000503_s12_m17.jpg
data/images/03_09_2020_1/output_0030/i0000664_s12_m16.jpg
data/images/03_09_2020_1/output_0041/i0000650_s12_m16.jpg
data/images/03_09_2020_1/output_0041/i0000515_s12_m17.jpg
data/images/03_06_2020_0/output_0004/i0000555_s12_m16.jpg
data/images/03_09_2020_1/output_0016/i0000486_s12_m16.jpg
data/images/03_10_2020_1/output_0004/i0000790_s12_m15.jpg
data/images/03_09_2020_1/output_0037/i0000712_s12_m17.jpg
data/images/03_09_2020_1/output_0033/i0000378_s12_m16.jpg
data/images/03_09_2020_1/output_0036/i0000671_s12_m16.jpg
data/images/03_09_2020_1/output_0022/i0000264_s12_m17.jpg
data/images/03_10_2020_1/output_0004/i0000035_s12_m16.jpg
data/images/03_06_2020_0/output_0004/i0001404_s12_m16.jpg
data/images/03_10_2020_1/output_0006/i0000654_s12_m16.jpg
data/images/03_10_2020_1/output_0015/i0000182_s12_m16.jpg
data/images/03_10_2020_1/output_0008/i0000938_s12_m16.jpg
data/images/03_09_2020_1/output_0033/i0000094_s12_m16.jpg
data/images/03_09_2020_1/output_0039/i0000504_s12_m17.jpg
data/images/03_09_2020_1/output_0036/i0000600_s12_m16.jpg
data/images/03_09_2020_1/output_0029/i0000728_s12_m17.jpg
data/images/03_10_2020_1/output_0003/i0000270_s12_m16.jpg
data/images/03_10_2020_1/output_0004/i0000769_s12_m16.jpg
data/images/03_09_2020_1/output_0043/i0000224_s12_m17.jpg
data/images/03_10_2020_1/output_0014/i0000067_s12_m16.jpg
data/images/03_09_2020_1/output_0038/i0000347_s12_m17.jpg
data/images/03_10_2020_1/output_0006/i0000368_s12_m16.jpg
data/images/03_06_2020_0/output_0006/i0000076_s12_m16.jpg
data/images/03_09_2020_1/output_0036/i0000609_s12_m16.jpg
data/images/03_09_2020_1/output_0018/i0000380_s12_m16.jpg
data/images/03_10_2020_1/output_0003/i0000025_s12_m15.jpg
data/images/03_06_2020_0/output_0009/i0000419_s12_m16.jpg
data/images/03_06_2020_0/output_0004/i0000966_s12_m16.jpg
data/images/03_10_2020_1/output_0007/i0000604_s12_m16.jpg
data/images/03_10_2020_1/output_0007/i0000722_s12_m16.jpg
data/images/03_10_2020_1/output_0005/i0000157_s12_m16.jpg
data/images/03_09_2020_1/output_0037/i0000116_s12_m16.jpg
data/images/03_09_2020_1/output_0031/i0000058_s12_m17.jpg
data/images/03_10_2020_1/output_0009/i0000411_s12_m16.jpg
data/images/03_09_2020_1/output_0019/i0000149_s12_m17.jpg
data/images/03_09_2020_1/output_0016/i0000495_s12_m17.jpg
data/images/03_10_2020_1/output_0012/i0000854_s12_m16.jpg
data/images/03_06_2020_0/output_0011/i0001299_s12_m18.jpg
data/images/03_10_2020_1/output_0014/i0000693_s12_m16.jpg
data/images/03_09_2020_1/output_0036/i0000221_s12_m17.jpg
data/images/03_09_2020_1/output_0026/i0000346_s12_m17.jpg
data/images/03_10_2020_1/output_0008/i0000242_s12_m16.jpg
data/images/03_09_2020_1/output_0038/i0000289_s12_m17.jpg
data/images/03_10_2020_1/output_0000/i0000346_s12_m16.jpg
data/images/03_06_2020_0/output_0006/i0000088_s12_m16.jpg
data/images/03_06_2020_0/output_0006/i0001266_s12_m17.jpg
data/images/03_09_2020_1/output_0031/i0000828_s12_m17.jpg
data/images/03_09_2020_1/output_0030/i0000274_s12_m16.jpg
data/images/03_09_2020_1/output_0024/i0000020_s12_m16.jpg
data/images/03_10_2020_1/output_0004/i0000061_s12_m15.jpg
data/images/03_10_2020_1/output_0016/i0000348_s12_m18.jpg
data/images/03_09_2020_1/output_0017/i0000103_s12_m16.jpg
data/images/03_09_2020_1/output_0037/i0000558_s12_m16.jpg
data/images/03_06_2020_0/output_0011/i0001239_s12_m18.jpg
data/images/03_06_2020_0/output_0011/i0000248_s12_m17.jpg
data/images/03_06_2020_0/output_0004/i0000898_s12_m16.jpg
data/images/03_09_2020_1/output_0044/i0000260_s12_m18.jpg
data/images/03_10_2020_1/output_0006/i0000042_s12_m16.jpg
data/images/03_06_2020_0/output_0008/i0000112_s12_m16.jpg
data/images/03_09_2020_1/output_0043/i0000434_s12_m17.jpg
data/images/03_09_2020_1/output_0033/i0000380_s12_m16.jpg
data/images/03_09_2020_1/output_0037/i0000582_s12_m16.jpg
data/images/03_09_2020_1/output_0041/i0000336_s12_m17.jpg
data/images/03_09_2020_1/output_0029/i0000180_s12_m17.jpg
data/images/03_10_2020_1/output_0003/i0000304_s12_m16.jpg
data/images/03_09_2020_1/output_0030/i0000709_s12_m17.jpg
data/images/03_06_2020_0/output_0006/i0001045_s12_m17.jpg
data/images/03_10_2020_1/output_0010/i0000811_s12_m16.jpg
data/images/03_10_2020_1/output_0005/i0000795_s12_m16.jpg
data/images/03_09_2020_1/output_0035/i0000627_s12_m17.jpg
data/images/03_09_2020_1/output_0031/i0000829_s12_m17.jpg
data/images/03_09_2020_1/output_0040/i0000561_s12_m17.jpg
data/images/03_09_2020_1/output_0033/i0000486_s12_m17.jpg
data/images/03_10_2020_1/output_0003/i0000431_s12_m16.jpg
data/images/03_09_2020_1/output_0037/i0000014_s12_m16.jpg
data/images/03_09_2020_1/output_0027/i0000156_s12_m18.jpg
data/images/03_06_2020_0/output_0004/i0001260_s12_m17.jpg
data/images/03_09_2020_1/output_0026/i0000038_s12_m16.jpg
data/images/03_09_2020_1/output_0022/i0000449_s12_m17.jpg
data/images/03_09_2020_1/output_0039/i0000010_s12_m17.jpg
data/images/03_09_2020_1/output_0043/i0000512_s12_m17.jpg
data/images/03_09_2020_1/output_0019/i0000306_s12_m16.jpg
data/images/03_10_2020_1/output_0013/i0000372_s12_m16.jpg
data/images/03_09_2020_1/output_0027/i0000090_s12_m18.jpg
data/images/03_09_2020_1/output_0035/i0000629_s12_m17.jpg
data/images/03_06_2020_0/output_0004/i0000800_s12_m16.jpg
data/images/03_10_2020_1/output_0015/i0000239_s12_m16.jpg
data/images/03_06_2020_0/output_0006/i0000762_s12_m17.jpg
data/images/03_06_2020_0/output_0008/i0000224_s12_m17.jpg
data/images/03_09_2020_1/output_0024/i0000731_s12_m17.jpg
data/images/03_09_2020_1/output_0043/i0000664_s12_m17.jpg
data/images/03_06_2020_0/output_0006/i0000822_s12_m16.jpg
data/images/03_09_2020_1/output_0026/i0000019_s12_m15.jpg
data/images/03_10_2020_1/output_0013/i0000543_s12_m16.jpg
data/images/03_10_2020_1/output_0005/i0000584_s12_m16.jpg
data/images/03_09_2020_1/output_0038/i0000108_s12_m16.jpg
data/images/03_10_2020_1/output_0004/i0000387_s12_m16.jpg
data/images/03_10_2020_1/output_0015/i0000410_s12_m16.jpg
data/images/03_10_2020_1/output_0013/i0000749_s12_m16.jpg
data/images/03_09_2020_1/output_0036/i0000562_s12_m17.jpg
data/images/03_10_2020_1/output_0015/i0000319_s12_m16.jpg
data/images/03_09_2020_1/output_0024/i0000715_s12_m17.jpg
data/images/03_06_2020_0/output_0008/i0001412_s12_m17.jpg
data/images/03_09_2020_1/output_0032/i0000335_s12_m17.jpg
data/images/03_09_2020_1/output_0026/i0000540_s12_m17.jpg
data/images/03_09_2020_1/output_0022/i0000149_s12_m16.jpg
data/images/03_09_2020_1/output_0032/i0000141_s12_m16.jpg
data/images/03_10_2020_1/output_0001/i0000090_s12_m16.jpg
data/images/03_10_2020_1/output_0011/i0000915_s12_m16.jpg
data/images/03_09_2020_1/output_0033/i0000206_s12_m16.jpg
data/images/03_10_2020_1/output_0011/i0000487_s12_m16.jpg
data/images/03_10_2020_1/output_0010/i0000554_s12_m16.jpg
data/images/03_09_2020_1/output_0013/i0000054_s12_m17.jpg
data/images/03_10_2020_1/output_0008/i0000539_s12_m16.jpg
data/images/03_10_2020_1/output_0001/i0000389_s12_m16.jpg
data/images/03_06_2020_0/output_0006/i0001023_s12_m17.jpg
data/images/03_09_2020_1/output_0021/i0000671_s12_m17.jpg
data/images/03_10_2020_1/output_0016/i0000282_s12_m18.jpg
data/images/03_09_2020_1/output_0031/i0000301_s12_m17.jpg
data/images/03_10_2020_1/output_0008/i0000829_s12_m16.jpg
data/images/03_06_2020_0/output_0006/i0001235_s12_m16.jpg
data/images/03_09_2020_1/output_0032/i0000866_s12_m17.jpg
data/images/03_09_2020_1/output_0034/i0000137_s12_m16.jpg
data/images/03_09_2020_1/output_0037/i0000339_s12_m17.jpg
data/images/03_09_2020_1/output_0024/i0000734_s12_m17.jpg
data/images/03_09_2020_1/output_0026/i0000362_s12_m17.jpg
data/images/03_06_2020_0/output_0006/i0000231_s12_m16.jpg
data/images/03_10_2020_1/output_0012/i0000845_s12_m16.jpg
data/images/03_09_2020_1/output_0036/i0000437_s12_m16.jpg
data/images/03_06_2020_0/output_0006/i0000988_s12_m17.jpg
data/images/03_10_2020_1/output_0005/i0000419_s12_m16.jpg
data/images/03_09_2020_1/output_0030/i0000864_s12_m16.jpg
data/images/03_09_2020_1/output_0043/i0000593_s12_m17.jpg
data/images/03_10_2020_1/output_0008/i0000537_s12_m16.jpg
data/images/03_09_2020_1/output_0019/i0000458_s12_m17.jpg
data/images/03_09_2020_1/output_0029/i0000315_s12_m17.jpg
data/images/03_09_2020_1/output_0024/i0000245_s12_m16.jpg
data/images/03_10_2020_1/output_0006/i0000321_s12_m16.jpg
data/images/03_10_2020_1/output_0015/i0000934_s12_m17.jpg
data/images/03_10_2020_1/output_0001/i0000328_s12_m16.jpg
data/images/03_10_2020_1/output_0015/i0000704_s12_m16.jpg
data/images/03_10_2020_1/output_0010/i0000809_s12_m16.jpg
data/images/03_10_2020_1/output_0007/i0000380_s12_m16.jpg
data/images/03_09_2020_1/output_0040/i0000068_s12_m16.jpg
data/images/03_10_2020_1/output_0003/i0000621_s12_m16.jpg
data/images/03_10_2020_1/output_0013/i0000500_s12_m16.jpg
data/images/03_09_2020_1/output_0021/i0000056_s12_m17.jpg
data/images/03_10_2020_1/output_0014/i0000139_s12_m16.jpg
data/images/03_10_2020_1/output_0011/i0000133_s12_m16.jpg
data/images/03_10_2020_1/output_0012/i0000315_s12_m16.jpg
data/images/03_09_2020_1/output_0031/i0000191_s12_m16.jpg
data/images/03_10_2020_1/output_0016/i0000199_s12_m17.jpg
data/images/03_10_2020_1/output_0005/i0000372_s12_m16.jpg
data/images/03_09_2020_1/output_0029/i0000613_s12_m16.jpg
data/images/03_09_2020_1/output_0031/i0000811_s12_m17.jpg
data/images/03_10_2020_1/output_0014/i0000799_s12_m16.jpg
data/images/03_10_2020_1/output_0007/i0000320_s12_m16.jpg
data/images/03_09_2020_1/output_0033/i0000153_s12_m16.jpg
data/images/03_10_2020_1/output_0008/i0000497_s12_m16.jpg
data/images/03_09_2020_1/output_0040/i0000064_s12_m16.jpg
data/images/03_09_2020_1/output_0040/i0000270_s12_m17.jpg
data/images/03_09_2020_1/output_0032/i0000321_s12_m17.jpg
data/images/03_06_2020_0/output_0004/i0000896_s12_m16.jpg
data/images/03_10_2020_1/output_0000/i0000130_s12_m16.jpg
data/images/03_09_2020_1/output_0027/i0000262_s12_m18.jpg
data/images/03_06_2020_0/output_0006/i0000434_s12_m16.jpg
data/images/03_10_2020_1/output_0005/i0000800_s12_m16.jpg
data/images/03_09_2020_1/output_0035/i0000181_s12_m16.jpg
data/images/03_06_2020_0/output_0011/i0000993_s12_m16.jpg
data/images/03_09_2020_1/output_0038/i0000083_s12_m16.jpg
data/images/03_10_2020_1/output_0003/i0000088_s12_m16.jpg
data/images/03_06_2020_0/output_0011/i0000430_s12_m17.jpg
data/images/03_09_2020_1/output_0026/i0000287_s12_m16.jpg
data/images/03_09_2020_1/output_0040/i0000653_s12_m17.jpg
data/images/03_10_2020_1/output_0007/i0000381_s12_m16.jpg
data/images/03_09_2020_1/output_0019/i0000388_s12_m17.jpg
data/images/03_09_2020_1/output_0020/i0000379_s12_m17.jpg
data/images/03_09_2020_1/output_0042/i0000670_s12_m17.jpg
data/images/03_06_2020_0/output_0008/i0000670_s12_m16.jpg
data/images/03_09_2020_1/output_0022/i0000214_s12_m17.jpg
data/images/03_09_2020_1/output_0041/i0000133_s12_m17.jpg
data/images/03_06_2020_0/output_0009/i0000345_s12_m16.jpg
data/images/03_10_2020_1/output_0005/i0000089_s12_m16.jpg
data/images/03_10_2020_1/output_0014/i0000616_s12_m16.jpg
data/images/03_06_2020_0/output_0008/i0000570_s12_m17.jpg
data/images/03_10_2020_1/output_0013/i0000735_s12_m16.jpg
data/images/03_06_2020_0/output_0006/i0001008_s12_m17.jpg
data/images/03_09_2020_1/output_0033/i0000335_s12_m16.jpg
data/images/03_09_2020_1/output_0032/i0000557_s12_m16.jpg
data/images/03_06_2020_0/output_0006/i0000761_s12_m17.jpg
data/images/03_09_2020_1/output_0031/i0000060_s12_m17.jpg
data/images/03_09_2020_1/output_0026/i0000113_s12_m16.jpg
data/images/03_09_2020_1/output_0032/i0000223_s12_m16.jpg
data/images/03_10_2020_1/output_0015/i0000456_s12_m16.jpg
data/images/03_09_2020_1/output_0018/i0000256_s12_m16.jpg
data/images/03_09_2020_1/output_0043/i0000022_s12_m16.jpg
data/images/03_10_2020_1/output_0011/i0000892_s12_m16.jpg
data/images/03_06_2020_0/output_0004/i0000260_s12_m17.jpg
data/images/03_10_2020_1/output_0015/i0000635_s12_m16.jpg
data/images/03_06_2020_0/output_0006/i0000998_s12_m17.jpg
data/images/03_10_2020_1/output_0004/i0000620_s12_m16.jpg
data/images/03_10_2020_1/output_0013/i0000183_s12_m16.jpg
data/images/03_09_2020_1/output_0039/i0000620_s12_m17.jpg
data/images/03_10_2020_1/output_0007/i0000318_s12_m16.jpg
data/images/03_09_2020_1/output_0042/i0000644_s12_m16.jpg
data/images/03_06_2020_0/output_0008/i0001476_s12_m17.jpg
data/images/03_09_2020_1/output_0018/i0000297_s12_m17.jpg
data/images/03_10_2020_1/output_0011/i0000422_s12_m16.jpg
data/images/03_10_2020_1/output_0014/i0000038_s12_m16.jpg
data/images/03_10_2020_1/output_0000/i0000444_s12_m16.jpg
data/images/03_10_2020_1/output_0010/i0000808_s12_m16.jpg
data/images/03_09_2020_1/output_0043/i0000383_s12_m17.jpg
data/images/03_09_2020_1/output_0037/i0000029_s12_m16.jpg
data/images/03_09_2020_1/output_0032/i0000365_s12_m17.jpg
data/images/03_06_2020_0/output_0006/i0000339_s12_m16.jpg
data/images/03_09_2020_1/output_0026/i0000534_s12_m17.jpg
data/images/03_10_2020_1/output_0006/i0000090_s12_m16.jpg
data/images/03_10_2020_1/output_0013/i0000419_s12_m16.jpg
data/images/03_09_2020_1/output_0042/i0000373_s12_m17.jpg
data/images/03_10_2020_1/output_0005/i0001100_s12_m16.jpg
data/images/03_10_2020_1/output_0006/i0000095_s12_m16.jpg
data/images/03_06_2020_0/output_0006/i0000601_s12_m16.jpg
data/images/03_10_2020_1/output_0016/i0000121_s12_m18.jpg
data/images/03_09_2020_1/output_0037/i0000253_s12_m16.jpg
data/images/03_10_2020_1/output_0016/i0000307_s12_m18.jpg
data/images/03_06_2020_0/output_0011/i0000949_s12_m17.jpg
data/images/03_09_2020_1/output_0042/i0000793_s12_m16.jpg
data/images/03_10_2020_1/output_0015/i0000638_s12_m16.jpg
data/images/03_06_2020_0/output_0009/i0000275_s12_m16.jpg
data/images/03_10_2020_1/output_0016/i0000038_s12_m18.jpg
data/images/03_09_2020_1/output_0023/i0000485_s12_m16.jpg
data/images/03_09_2020_1/output_0027/i0000120_s12_m18.jpg
data/images/03_09_2020_1/output_0032/i0000970_s12_m17.jpg
data/images/03_10_2020_1/output_0003/i0000963_s12_m16.jpg
data/images/03_10_2020_1/output_0014/i0000068_s12_m16.jpg
data/images/03_10_2020_1/output_0009/i0000088_s12_m16.jpg
data/images/03_10_2020_1/output_0009/i0000410_s12_m16.jpg
data/images/03_09_2020_1/output_0021/i0000517_s12_m17.jpg
data/images/03_10_2020_1/output_0015/i0000204_s12_m16.jpg
data/images/03_10_2020_1/output_0010/i0000479_s12_m16.jpg
data/images/03_10_2020_1/output_0004/i0000804_s12_m15.jpg
data/images/03_09_2020_1/output_0037/i0000459_s12_m17.jpg
data/images/03_10_2020_1/output_0012/i0000476_s12_m16.jpg
data/images/03_10_2020_1/output_0012/i0000028_s12_m16.jpg
data/images/03_09_2020_1/output_0036/i0000335_s12_m16.jpg
data/images/03_06_2020_0/output_0006/i0000087_s12_m16.jpg
data/images/03_09_2020_1/output_0038/i0000674_s12_m16.jpg
data/images/03_09_2020_1/output_0030/i0000033_s12_m16.jpg
data/images/03_09_2020_1/output_0026/i0000303_s12_m17.jpg
data/images/03_06_2020_0/output_0011/i0000084_s12_m17.jpg
data/images/03_10_2020_1/output_0001/i0000334_s12_m16.jpg
data/images/03_09_2020_1/output_0024/i0000210_s12_m17.jpg
data/images/03_09_2020_1/output_0018/i0000199_s12_m16.jpg
data/images/03_10_2020_1/output_0007/i0000181_s12_m16.jpg
data/images/03_09_2020_1/output_0030/i0000714_s12_m17.jpg
data/images/03_09_2020_1/output_0039/i0000101_s12_m16.jpg
data/images/03_09_2020_1/output_0018/i0000348_s12_m17.jpg
data/images/03_09_2020_1/output_0038/i0000292_s12_m17.jpg
data/images/03_09_2020_1/output_0029/i0000171_s12_m17.jpg
data/images/03_09_2020_1/output_0018/i0000387_s12_m16.jpg
data/images/03_06_2020_0/output_0009/i0000401_s12_m17.jpg
data/images/03_09_2020_1/output_0022/i0000344_s12_m17.jpg
data/images/03_09_2020_1/output_0044/i0000050_s12_m17.jpg
data/images/03_09_2020_1/output_0033/i0000708_s12_m16.jpg
data/images/03_09_2020_1/output_0019/i0000430_s12_m17.jpg
data/images/03_10_2020_1/output_0015/i0000795_s12_m16.jpg
data/images/03_09_2020_1/output_0030/i0000199_s12_m17.jpg
data/images/03_09_2020_1/output_0019/i0000360_s12_m17.jpg
data/images/03_09_2020_1/output_0043/i0000478_s12_m17.jpg
data/images/03_09_2020_1/output_0030/i0000211_s12_m17.jpg
data/images/03_09_2020_1/output_0036/i0000027_s12_m17.jpg
data/images/03_10_2020_1/output_0015/i0000596_s12_m16.jpg
data/images/03_10_2020_1/output_0010/i0000758_s12_m16.jpg
data/images/03_06_2020_0/output_0009/i0000223_s12_m17.jpg
data/images/03_10_2020_1/output_0004/i0000314_s12_m16.jpg
data/images/03_09_2020_1/output_0034/i0000250_s12_m16.jpg
data/images/03_09_2020_1/output_0031/i0000358_s12_m17.jpg
data/images/03_10_2020_1/output_0007/i0000403_s12_m16.jpg
data/images/03_09_2020_1/output_0038/i0000160_s12_m16.jpg
data/images/03_06_2020_0/output_0009/i0000840_s12_m17.jpg
data/images/03_10_2020_1/output_0014/i0000398_s12_m16.jpg
data/images/03_09_2020_1/output_0019/i0000645_s12_m17.jpg
data/images/03_09_2020_1/output_0023/i0000076_s12_m16.jpg
data/images/03_10_2020_1/output_0003/i0000474_s12_m16.jpg
data/images/03_09_2020_1/output_0016/i0000337_s12_m15.jpg
data/images/03_10_2020_1/output_0014/i0000838_s12_m16.jpg
data/images/03_09_2020_1/output_0041/i0000575_s12_m17.jpg
data/images/03_09_2020_1/output_0022/i0000082_s12_m17.jpg
data/images/03_09_2020_1/output_0038/i0000562_s12_m17.jpg
data/images/03_09_2020_1/output_0026/i0000019_s12_m15.jpg
data/images/03_10_2020_1/output_0012/i0000385_s12_m16.jpg
data/images/03_09_2020_1/output_0021/i0000347_s12_m17.jpg
data/images/03_06_2020_0/output_0009/i0000264_s12_m16.jpg
data/images/03_10_2020_1/output_0009/i0000151_s12_m16.jpg
data/images/03_10_2020_1/output_0013/i0000182_s12_m16.jpg
data/images/03_09_2020_1/output_0014/i0000148_s12_m17.jpg
data/images/03_06_2020_0/output_0006/i0000142_s12_m16.jpg
data/images/03_09_2020_1/output_0037/i0000564_s12_m16.jpg
data/images/03_09_2020_1/output_0036/i0000593_s12_m17.jpg
data/images/03_09_2020_1/output_0039/i0000013_s12_m17.jpg
data/images/03_10_2020_1/output_0015/i0000789_s12_m16.jpg
data/images/03_06_2020_0/output_0006/i0001254_s12_m17.jpg
data/images/03_09_2020_1/output_0031/i0000258_s12_m17.jpg
data/images/03_10_2020_1/output_0014/i0000362_s12_m16.jpg
data/images/03_10_2020_1/output_0002/i0000119_s12_m15.jpg
data/images/03_06_2020_0/output_0011/i0000413_s12_m17.jpg
data/images/03_09_2020_1/output_0039/i0000506_s12_m17.jpg
data/images/03_06_2020_0/output_0008/i0001429_s12_m17.jpg
data/images/03_09_2020_1/output_0018/i0000255_s12_m16.jpg
data/images/03_09_2020_1/output_0034/i0000263_s12_m16.jpg
data/images/03_09_2020_1/output_0042/i0000146_s12_m16.jpg
data/images/03_09_2020_1/output_0037/i0000639_s12_m17.jpg
data/images/03_10_2020_1/output_0013/i0000519_s12_m16.jpg
data/images/03_10_2020_1/output_0009/i0000517_s12_m16.jpg
data/images/03_09_2020_1/output_0027/i0000210_s12_m18.jpg
data/images/03_09_2020_1/output_0041/i0000279_s12_m17.jpg
data/images/03_10_2020_1/output_0015/i0000907_s12_m18.jpg
data/images/03_10_2020_1/output_0002/i0000204_s12_m15.jpg
data/images/03_10_2020_1/output_0007/i0000820_s12_m16.jpg
data/images/03_10_2020_1/output_0010/i0000140_s12_m15.jpg
data/images/03_06_2020_0/output_0004/i0001413_s12_m16.jpg
data/images/03_10_2020_1/output_0009/i0000089_s12_m16.jpg
data/images/03_10_2020_1/output_0012/i0000391_s12_m16.jpg
data/images/03_09_2020_1/output_0019/i0000266_s12_m17.jpg
data/images/03_09_2020_1/output_0031/i0000584_s12_m17.jpg
data/images/03_09_2020_1/output_0039/i0000238_s12_m17.jpg
data/images/03_09_2020_1/output_0021/i0000469_s12_m17.jpg
data/images/03_06_2020_0/output_0004/i0001192_s12_m17.jpg
data/images/03_06_2020_0/output_0011/i0001245_s12_m18.jpg
data/images/03_06_2020_0/output_0006/i0001125_s12_m16.jpg
data/images/03_06_2020_0/output_0006/i0001386_s12_m17.jpg
data/images/03_09_2020_1/output_0044/i0000033_s12_m17.jpg
data/images/03_09_2020_1/output_0042/i0000645_s12_m16.jpg
data/images/03_09_2020_1/output_0036/i0000662_s12_m16.jpg
data/images/03_09_2020_1/output_0036/i0000622_s12_m17.jpg
data/images/03_10_2020_1/output_0009/i0000414_s12_m16.jpg
data/images/03_06_2020_0/output_0011/i0001434_s12_m18.jpg
data/images/03_10_2020_1/output_0009/i0000462_s12_m16.jpg
data/images/03_06_2020_0/output_0006/i0000618_s12_m17.jpg
data/images/03_09_2020_1/output_0032/i0000719_s12_m17.jpg
data/images/03_09_2020_1/output_0043/i0000476_s12_m17.jpg
data/images/03_10_2020_1/output_0014/i0000618_s12_m16.jpg
data/images/03_09_2020_1/output_0031/i0000405_s12_m17.jpg
data/images/03_09_2020_1/output_0030/i0000323_s12_m17.jpg
data/images/03_09_2020_1/output_0032/i0000124_s12_m16.jpg
data/images/03_10_2020_1/output_0013/i0000855_s12_m16.jpg
data/images/03_09_2020_1/output_0039/i0000307_s12_m16.jpg
data/images/03_10_2020_1/output_0015/i0000937_s12_m17.jpg
data/images/03_09_2020_1/output_0031/i0000635_s12_m16.jpg
data/images/03_06_2020_0/output_0011/i0000775_s12_m17.jpg
data/images/03_09_2020_1/output_0038/i0000420_s12_m16.jpg
data/images/03_10_2020_1/output_0006/i0000294_s12_m16.jpg
data/images/03_10_2020_1/output_0000/i0000482_s12_m16.jpg
data/images/03_09_2020_1/output_0023/i0000024_s12_m16.jpg
data/images/03_10_2020_1/output_0006/i0000573_s12_m16.jpg
data/images/03_09_2020_1/output_0018/i0000422_s12_m17.jpg
data/images/03_09_2020_1/output_0023/i0000222_s12_m16.jpg
data/images/03_09_2020_1/output_0018/i0000267_s12_m16.jpg
data/images/03_09_2020_1/output_0018/i0000061_s12_m16.jpg
data/images/03_09_2020_1/output_0024/i0000387_s12_m17.jpg
data/images/03_06_2020_0/output_0004/i0000674_s12_m16.jpg
data/images/03_09_2020_1/output_0032/i0000853_s12_m17.jpg
data/images/03_06_2020_0/output_0004/i0001386_s12_m17.jpg
data/images/03_06_2020_0/output_0011/i0001027_s12_m17.jpg
data/images/03_10_2020_1/output_0003/i0000562_s12_m16.jpg
data/images/03_10_2020_1/output_0014/i0000861_s12_m16.jpg
data/images/03_09_2020_1/output_0029/i0000687_s12_m16.jpg
data/images/03_10_2020_1/output_0013/i0000528_s12_m16.jpg
data/images/03_09_2020_1/output_0043/i0000183_s12_m17.jpg
data/images/03_09_2020_1/output_0032/i0000503_s12_m17.jpg
data/images/03_09_2020_1/output_0022/i0000270_s12_m17.jpg
data/images/03_09_2020_1/output_0044/i0000327_s12_m18.jpg
data/images/03_09_2020_1/output_0033/i0000611_s12_m16.jpg
data/images/03_09_2020_1/output_0019/i0000278_s12_m16.jpg
data/images/03_09_2020_1/output_0027/i0000240_s12_m18.jpg
data/images/03_10_2020_1/output_0003/i0000445_s12_m16.jpg
data/images/03_06_2020_0/output_0011/i0001426_s12_m18.jpg
data/images/03_06_2020_0/output_0004/i0000805_s12_m16.jpg
data/images/03_09_2020_1/output_0044/i0000331_s12_m18.jpg
data/images/03_09_2020_1/output_0031/i0000628_s12_m16.jpg
data/images/03_06_2020_0/output_0006/i0001197_s12_m17.jpg
data/images/03_10_2020_1/output_0014/i0000882_s12_m16.jpg
data/images/03_06_2020_0/output_0009/i0000240_s12_m17.jpg
data/images/03_09_2020_1/output_0041/i0000652_s12_m16.jpg
data/images/03_09_2020_1/output_0030/i0000651_s12_m16.jpg
data/images/03_10_2020_1/output_0009/i0000599_s12_m16.jpg
data/images/03_09_2020_1/output_0037/i0000456_s12_m17.jpg
data/images/03_09_2020_1/output_0037/i0000247_s12_m16.jpg
data/images/03_10_2020_1/output_0008/i0001035_s12_m16.jpg
data/images/03_10_2020_1/output_0016/i0000290_s12_m18.jpg
data/images/03_06_2020_0/output_0009/i0000024_s12_m16.jpg
data/images/03_09_2020_1/output_0021/i0000470_s12_m17.jpg
data/images/03_09_2020_1/output_0024/i0000413_s12_m17.jpg
data/images/03_09_2020_1/output_0033/i0000527_s12_m16.jpg
data/images/03_10_2020_1/output_0008/i0000957_s12_m16.jpg
data/images/03_09_2020_1/output_0027/i0000144_s12_m18.jpg
data/images/03_06_2020_0/output_0006/i0000637_s12_m17.jpg
data/images/03_10_2020_1/output_0003/i0000567_s12_m16.jpg
data/images/03_09_2020_1/output_0026/i0000548_s12_m17.jpg
data/images/03_09_2020_1/output_0018/i0000215_s12_m16.jpg
data/images/03_09_2020_1/output_0026/i0000182_s12_m17.jpg
data/images/03_09_2020_1/output_0026/i0000535_s12_m17.jpg
data/images/03_06_2020_0/output_0008/i0000895_s12_m16.jpg
data/images/03_10_2020_1/output_0004/i0000027_s12_m16.jpg
data/images/03_10_2020_1/output_0008/i0000141_s12_m16.jpg
data/images/03_09_2020_1/output_0035/i0000295_s12_m17.jpg
data/images/03_10_2020_1/output_0006/i0000805_s12_m16.jpg
data/images/03_10_2020_1/output_0006/i0000714_s12_m16.jpg
data/images/03_09_2020_1/output_0032/i0000854_s12_m17.jpg
data/images/03_09_2020_1/output_0017/i0000124_s12_m17.jpg
data/images/03_09_2020_1/output_0032/i0000215_s12_m16.jpg
data/images/03_09_2020_1/output_0027/i0000193_s12_m18.jpg
data/images/03_10_2020_1/output_0011/i0000592_s12_m16.jpg
data/images/03_09_2020_1/output_0026/i0000588_s12_m17.jpg
data/images/03_09_2020_1/output_0036/i0000168_s12_m17.jpg
data/images/03_10_2020_1/output_0000/i0000143_s12_m16.jpg
data/images/03_09_2020_1/output_0042/i0000078_s12_m17.jpg
data/images/03_10_2020_1/output_0014/i0000390_s12_m16.jpg
data/images/03_09_2020_1/output_0018/i0000349_s12_m17.jpg
data/images/03_10_2020_1/output_0013/i0000508_s12_m16.jpg
data/images/03_09_2020_1/output_0037/i0000316_s12_m17.jpg
data/images/03_09_2020_1/output_0020/i0000515_s12_m17.jpg
data/images/03_09_2020_1/output_0015/i0000100_s12_m16.jpg
data/images/03_06_2020_0/output_0004/i0001036_s12_m16.jpg
data/images/03_10_2020_1/output_0015/i0000430_s12_m16.jpg
data/images/03_09_2020_1/output_0037/i0000628_s12_m17.jpg
data/images/03_06_2020_0/output_0008/i0000107_s12_m16.jpg
data/images/03_09_2020_1/output_0043/i0000704_s12_m17.jpg
data/images/03_09_2020_1/output_0013/i0000455_s12_m16.jpg
data/images/03_09_2020_1/output_0017/i0000056_s12_m15.jpg
data/images/03_10_2020_1/output_0005/i0000405_s12_m16.jpg
data/images/03_09_2020_1/output_0027/i0000182_s12_m18.jpg
data/images/03_09_2020_1/output_0031/i0000323_s12_m16.jpg
data/images/03_09_2020_1/output_0022/i0000199_s12_m17.jpg
data/images/03_09_2020_1/output_0020/i0000650_s12_m17.jpg
data/images/03_10_2020_1/output_0012/i0000132_s12_m16.jpg
data/images/03_10_2020_1/output_0005/i0001080_s12_m16.jpg
data/images/03_06_2020_0/output_0006/i0000141_s12_m16.jpg
data/images/03_09_2020_1/output_0033/i0000126_s12_m16.jpg
data/images/03_09_2020_1/output_0020/i0000165_s12_m16.jpg
data/images/03_09_2020_1/output_0038/i0000523_s12_m17.jpg
data/images/03_06_2020_0/output_0008/i0000522_s12_m17.jpg
data/images/03_09_2020_1/output_0042/i0000482_s12_m17.jpg
data/images/03_09_2020_1/output_0022/i0000481_s12_m16.jpg
data/images/03_06_2020_0/output_0004/i0000968_s12_m16.jpg
data/images/03_06_2020_0/output_0006/i0001253_s12_m17.jpg
data/images/03_10_2020_1/output_0005/i0000358_s12_m16.jpg
data/images/03_09_2020_1/output_0043/i0000556_s12_m17.jpg
data/images/03_06_2020_0/output_0011/i0000464_s12_m17.jpg
data/images/03_06_2020_0/output_0006/i0000185_s12_m17.jpg
data/images/03_10_2020_1/output_0009/i0000131_s12_m15.jpg
data/images/03_09_2020_1/output_0020/i0000270_s12_m17.jpg
data/images/03_09_2020_1/output_0043/i0000217_s12_m17.jpg
data/images/03_10_2020_1/output_0005/i0000462_s12_m16.jpg
data/images/03_09_2020_1/output_0037/i0000235_s12_m17.jpg
data/images/03_09_2020_1/output_0034/i0000497_s12_m17.jpg
data/images/03_09_2020_1/output_0022/i0000289_s12_m17.jpg
data/images/03_09_2020_1/output_0021/i0000071_s12_m16.jpg
data/images/03_10_2020_1/output_0008/i0001038_s12_m16.jpg
data/images/03_09_2020_1/output_0026/i0000279_s12_m17.jpg
data/images/03_09_2020_1/output_0026/i0000533_s12_m17.jpg
data/images/03_10_2020_1/output_0013/i0000713_s12_m16.jpg
data/images/03_09_2020_1/output_0036/i0000694_s12_m17.jpg
data/images/03_09_2020_1/output_0032/i0000125_s12_m16.jpg
data/images/03_10_2020_1/output_0004/i0000257_s12_m16.jpg
data/images/03_09_2020_1/output_0043/i0000359_s12_m17.jpg
data/images/03_09_2020_1/output_0033/i0000649_s12_m16.jpg
data/images/03_10_2020_1/output_0005/i0000534_s12_m16.jpg
data/images/03_09_2020_1/output_0020/i0000201_s12_m17.jpg
data/images/03_10_2020_1/output_0013/i0000638_s12_m16.jpg
data/images/03_09_2020_1/output_0030/i0000109_s12_m16.jpg
data/images/03_09_2020_1/output_0036/i0000503_s12_m16.jpg
data/images/03_09_2020_1/output_0040/i0000700_s12_m17.jpg
data/images/03_09_2020_1/output_0041/i0000257_s12_m17.jpg
data/images/03_10_2020_1/output_0000/i0000723_s12_m16.jpg
data/images/03_10_2020_1/output_0011/i0001085_s12_m16.jpg
data/images/03_09_2020_1/output_0026/i0000466_s12_m17.jpg
data/images/03_06_2020_0/output_0009/i0000165_s12_m17.jpg
data/images/03_06_2020_0/output_0006/i0000850_s12_m16.jpg
data/images/03_09_2020_1/output_0020/i0000245_s12_m17.jpg
data/images/03_06_2020_0/output_0006/i0001362_s12_m17.jpg
data/images/03_09_2020_1/output_0022/i0000419_s12_m17.jpg
data/images/03_10_2020_1/output_0015/i0000423_s12_m16.jpg
data/images/03_09_2020_1/output_0024/i0000448_s12_m17.jpg
data/images/03_09_2020_1/output_0026/i0000120_s12_m17.jpg
data/images/03_09_2020_1/output_0039/i0000221_s12_m17.jpg
data/images/03_09_2020_1/output_0041/i0000178_s12_m17.jpg
data/images/03_09_2020_1/output_0023/i0000073_s12_m17.jpg
data/images/03_10_2020_1/output_0007/i0000734_s12_m16.jpg
data/images/03_06_2020_0/output_0004/i0000112_s12_m15.jpg
data/images/03_09_2020_1/output_0036/i0000014_s12_m17.jpg
data/images/03_06_2020_0/output_0004/i0001235_s12_m17.jpg
data/images/03_09_2020_1/output_0013/i0000544_s12_m17.jpg
data/images/03_10_2020_1/output_0012/i0000056_s12_m16.jpg
data/images/03_09_2020_1/output_0039/i0000130_s12_m17.jpg
data/images/03_09_2020_1/output_0031/i0000887_s12_m16.jpg
data/images/03_10_2020_1/output_0001/i0000233_s12_m16.jpg
data/images/03_06_2020_0/output_0008/i0000108_s12_m16.jpg
data/images/03_09_2020_1/output_0041/i0000579_s12_m17.jpg
data/images/03_09_2020_1/output_0032/i0000353_s12_m17.jpg
data/images/03_09_2020_1/output_0043/i0000517_s12_m17.jpg
data/images/03_09_2020_1/output_0042/i0000792_s12_m16.jpg
data/images/03_09_2020_1/output_0041/i0000430_s12_m17.jpg
data/images/03_10_2020_1/output_0000/i0000241_s12_m16.jpg
data/images/03_09_2020_1/output_0021/i0000708_s12_m17.jpg
data/images/03_10_2020_1/output_0015/i0000285_s12_m16.jpg
data/images/03_09_2020_1/output_0032/i0000059_s12_m16.jpg
data/images/03_06_2020_0/output_0008/i0001356_s12_m17.jpg
data/images/03_10_2020_1/output_0014/i0000102_s12_m16.jpg
data/images/03_09_2020_1/output_0035/i0000233_s12_m17.jpg
data/images/03_09_2020_1/output_0027/i0000230_s12_m18.jpg
data/images/03_10_2020_1/output_0014/i0000092_s12_m16.jpg
data/images/03_09_2020_1/output_0018/i0000068_s12_m16.jpg
data/images/03_06_2020_0/output_0004/i0000978_s12_m16.jpg
data/images/03_09_2020_1/output_0034/i0000237_s12_m16.jpg
data/images/03_09_2020_1/output_0034/i0000442_s12_m17.jpg
data/images/03_09_2020_1/output_0038/i0000503_s12_m17.jpg
data/images/03_06_2020_0/output_0009/i0000810_s12_m17.jpg
data/images/03_09_2020_1/output_0041/i0000179_s12_m17.jpg
data/images/03_09_2020_1/output_0032/i0000956_s12_m17.jpg
data/images/03_09_2020_1/output_0039/i0000278_s12_m17.jpg
data/images/03_09_2020_1/output_0035/i0000585_s12_m16.jpg
data/images/03_10_2020_1/output_0008/i0000176_s12_m16.jpg
data/images/03_10_2020_1/output_0003/i0000229_s12_m16.jpg
data/images/03_10_2020_1/output_0007/i0000359_s12_m16.jpg
data/images/03_09_2020_1/output_0031/i0000023_s12_m16.jpg
data/images/03_06_2020_0/output_0008/i0000411_s12_m17.jpg
data/images/03_10_2020_1/output_0009/i0000305_s12_m16.jpg
data/images/03_09_2020_1/output_0030/i0000854_s12_m17.jpg
data/images/03_09_2020_1/output_0026/i0000381_s12_m17.jpg
data/images/03_10_2020_1/output_0003/i0000905_s12_m16.jpg
data/images/03_10_2020_1/output_0002/i0000173_s12_m16.jpg
data/images/03_10_2020_1/output_0003/i0000220_s12_m16.jpg
data/images/03_09_2020_1/output_0018/i0000693_s12_m16.jpg
data/images/03_09_2020_1/output_0037/i0000533_s12_m16.jpg
data/images/03_10_2020_1/output_0013/i0000173_s12_m16.jpg
data/images/03_09_2020_1/output_0042/i0000069_s12_m17.jpg
data/images/03_06_2020_0/output_0011/i0001114_s12_m17.jpg
data/images/03_06_2020_0/output_0011/i0001464_s12_m18.jpg
data/images/03_10_2020_1/output_0012/i0000236_s12_m16.jpg
data/images/03_06_2020_0/output_0008/i0001016_s12_m16.jpg
data/images/03_09_2020_1/output_0036/i0000167_s12_m17.jpg
data/images/03_06_2020_0/output_0004/i0001234_s12_m17.jpg
data/images/03_09_2020_1/output_0014/i0000209_s12_m17.jpg
data/images/03_09_2020_1/output_0037/i0000491_s12_m17.jpg
data/images/03_09_2020_1/output_0042/i0000580_s12_m17.jpg
data/images/03_06_2020_0/output_0006/i0001353_s12_m17.jpg
data/images/03_06_2020_0/output_0011/i0000474_s12_m17.jpg
data/images/03_09_2020_1/output_0037/i0000607_s12_m17.jpg
data/images/03_09_2020_1/output_0026/i0000465_s12_m17.jpg
data/images/03_09_2020_1/output_0021/i0000402_s12_m17.jpg
data/images/03_10_2020_1/output_0013/i0000563_s12_m16.jpg
data/images/03_10_2020_1/output_0004/i0000099_s12_m15.jpg
data/images/03_10_2020_1/output_0004/i0000891_s12_m15.jpg
data/images/03_10_2020_1/output_0007/i0000197_s12_m16.jpg
data/images/03_09_2020_1/output_0023/i0000168_s12_m17.jpg
data/images/03_06_2020_0/output_0008/i0000954_s12_m16.jpg
data/images/03_10_2020_1/output_0014/i0000777_s12_m16.jpg
data/images/03_10_2020_1/output_0007/i0000812_s12_m16.jpg
data/images/03_09_2020_1/output_0013/i0000132_s12_m17.jpg
data/images/03_09_2020_1/output_0034/i0000447_s12_m17.jpg
data/images/03_06_2020_0/output_0004/i0001051_s12_m16.jpg
data/images/03_09_2020_1/output_0041/i0000682_s12_m17.jpg
data/images/03_09_2020_1/output_0036/i0000282_s12_m16.jpg
data/images/03_09_2020_1/output_0021/i0000178_s12_m16.jpg
data/images/03_10_2020_1/output_0007/i0000803_s12_m16.jpg
data/images/03_10_2020_1/output_0014/i0000095_s12_m16.jpg
data/images/03_10_2020_1/output_0012/i0000942_s12_m16.jpg
data/images/03_09_2020_1/output_0041/i0000238_s12_m17.jpg
data/images/03_10_2020_1/output_0003/i0000280_s12_m16.jpg
data/images/03_09_2020_1/output_0037/i0000154_s12_m16.jpg
data/images/03_10_2020_1/output_0007/i0000723_s12_m16.jpg
data/images/03_09_2020_1/output_0030/i0000645_s12_m17.jpg
data/images/03_09_2020_1/output_0042/i0000201_s12_m16.jpg
data/images/03_09_2020_1/output_0039/i0000106_s12_m16.jpg
data/images/03_10_2020_1/output_0011/i0001031_s12_m16.jpg
data/images/03_10_2020_1/output_0005/i0000775_s12_m16.jpg
data/images/03_10_2020_1/output_0004/i0000705_s12_m16.jpg
data/images/03_10_2020_1/output_0006/i0000071_s12_m16.jpg
data/images/03_09_2020_1/output_0021/i0000685_s12_m17.jpg
data/images/03_09_2020_1/output_0021/i0000303_s12_m17.jpg
data/images/03_09_2020_1/output_0031/i0000170_s12_m16.jpg
data/images/03_09_2020_1/output_0021/i0000707_s12_m17.jpg
data/images/03_09_2020_1/output_0038/i0000189_s12_m16.jpg
data/images/03_10_2020_1/output_0008/i0000666_s12_m16.jpg
data/images/03_09_2020_1/output_0034/i0000466_s12_m17.jpg
data/images/03_10_2020_1/output_0003/i0000072_s12_m16.jpg
data/images/03_09_2020_1/output_0040/i0000269_s12_m17.jpg
data/images/03_09_2020_1/output_0034/i0000029_s12_m16.jpg
data/images/03_09_2020_1/output_0013/i0000394_s12_m16.jpg
data/images/03_10_2020_1/output_0008/i0000886_s12_m16.jpg
data/images/03_10_2020_1/output_0005/i0000218_s12_m16.jpg
data/images/03_09_2020_1/output_0021/i0000565_s12_m17.jpg
data/images/03_09_2020_1/output_0042/i0000307_s12_m17.jpg
data/images/03_10_2020_1/output_0003/i0000198_s12_m16.jpg
data/images/03_09_2020_1/output_0037/i0000269_s12_m17.jpg
data/images/03_06_2020_0/output_0009/i0000595_s12_m17.jpg
data/images/03_10_2020_1/output_0005/i0000540_s12_m16.jpg
data/images/03_06_2020_0/output_0009/i0000068_s12_m16.jpg
data/images/03_10_2020_1/output_0004/i0000885_s12_m15.jpg
data/images/03_06_2020_0/output_0008/i0000665_s12_m16.jpg
data/images/03_06_2020_0/output_0011/i0001186_s12_m18.jpg
data/images/03_09_2020_1/output_0023/i0000103_s12_m16.jpg
data/images/03_10_2020_1/output_0016/i0000085_s12_m17.jpg
data/images/03_09_2020_1/output_0033/i0000537_s12_m16.jpg
data/images/03_09_2020_1/output_0037/i0000078_s12_m17.jpg
data/images/03_10_2020_1/output_0015/i0000854_s12_m16.jpg
data/images/03_10_2020_1/output_0012/i0000623_s12_m16.jpg
data/images/03_06_2020_0/output_0008/i0000111_s12_m16.jpg
data/images/03_09_2020_1/output_0033/i0000215_s12_m16.jpg
data/images/03_09_2020_1/output_0040/i0000562_s12_m17.jpg
data/images/03_09_2020_1/output_0042/i0000368_s12_m17.jpg
data/images/03_09_2020_1/output_0042/i0000407_s12_m17.jpg
data/images/03_09_2020_1/output_0037/i0000379_s12_m16.jpg
data/images/03_10_2020_1/output_0000/i0000481_s12_m16.jpg
data/images/03_09_2020_1/output_0032/i0000717_s12_m17.jpg
data/images/03_09_2020_1/output_0018/i0000300_s12_m15.jpg
data/images/03_09_2020_1/output_0026/i0000362_s12_m17.jpg
data/images/03_09_2020_1/output_0035/i0000735_s12_m17.jpg
data/images/03_09_2020_1/output_0035/i0000377_s12_m17.jpg
data/images/03_09_2020_1/output_0032/i0000620_s12_m17.jpg
data/images/03_10_2020_1/output_0014/i0000632_s12_m16.jpg
data/images/03_06_2020_0/output_0011/i0001475_s12_m18.jpg
data/images/03_06_2020_0/output_0006/i0000242_s12_m16.jpg
data/images/03_09_2020_1/output_0032/i0000475_s12_m17.jpg
data/images/03_09_2020_1/output_0022/i0000083_s12_m17.jpg
data/images/03_10_2020_1/output_0011/i0000535_s12_m16.jpg
data/images/03_06_2020_0/output_0011/i0000461_s12_m17.jpg
data/images/03_09_2020_1/output_0026/i0000253_s12_m17.jpg
data/images/03_09_2020_1/output_0041/i0000763_s12_m16.jpg
data/images/03_10_2020_1/output_0007/i0000521_s12_m16.jpg
data/images/03_09_2020_1/output_0038/i0000470_s12_m17.jpg
data/images/03_06_2020_0/output_0006/i0000500_s12_m16.jpg
data/images/03_06_2020_0/output_0006/i0000760_s12_m17.jpg
data/images/03_09_2020_1/output_0013/i0000516_s12_m17.jpg
data/images/03_09_2020_1/output_0030/i0000041_s12_m16.jpg
data/images/03_06_2020_0/output_0011/i0000652_s12_m17.jpg
data/images/03_10_2020_1/output_0011/i0000558_s12_m16.jpg
data/images/03_06_2020_0/output_0008/i0000247_s12_m17.jpg
data/images/03_09_2020_1/output_0017/i0000225_s12_m17.jpg
data/images/03_10_2020_1/output_0011/i0000720_s12_m16.jpg
data/images/03_09_2020_1/output_0020/i0000689_s12_m17.jpg
data/images/03_10_2020_1/output_0008/i0000665_s12_m16.jpg
data/images/03_10_2020_1/output_0015/i0000212_s12_m16.jpg
data/images/03_10_2020_1/output_0010/i0000872_s12_m16.jpg
data/images/03_10_2020_1/output_0007/i0000227_s12_m16.jpg
data/images/03_09_2020_1/output_0020/i0000571_s12_m17.jpg
data/images/03_06_2020_0/output_0011/i0000978_s12_m16.jpg
data/images/03_10_2020_1/output_0001/i0000050_s12_m16.jpg
data/images/03_10_2020_1/output_0011/i0000486_s12_m16.jpg
data/images/03_10_2020_1/output_0003/i0000692_s12_m16.jpg
data/images/03_10_2020_1/output_0004/i0000689_s12_m15.jpg
data/images/03_09_2020_1/output_0040/i0000687_s12_m17.jpg
data/images/03_09_2020_1/output_0030/i0000460_s12_m16.jpg
data/images/03_10_2020_1/output_0014/i0000272_s12_m16.jpg
data/images/03_09_2020_1/output_0030/i0000155_s12_m17.jpg
data/images/03_06_2020_0/output_0006/i0000987_s12_m17.jpg
data/images/03_09_2020_1/output_0026/i0000254_s12_m17.jpg
data/images/03_09_2020_1/output_0042/i0000600_s12_m16.jpg
data/images/03_09_2020_1/output_0032/i0000260_s12_m17.jpg
data/images/03_06_2020_0/output_0008/i0001368_s12_m17.jpg
data/images/03_09_2020_1/output_0043/i0000715_s12_m17.jpg
data/images/03_06_2020_0/output_0011/i0000543_s12_m16.jpg
data/images/03_10_2020_1/output_0009/i0000236_s12_m16.jpg
data/images/03_09_2020_1/output_0037/i0000584_s12_m16.jpg
data/images/03_10_2020_1/output_0008/i0000470_s12_m16.jpg
data/images/03_09_2020_1/output_0033/i0000072_s12_m16.jpg
data/images/03_10_2020_1/output_0004/i0000915_s12_m16.jpg
data/images/03_06_2020_0/output_0008/i0000257_s12_m17.jpg
data/images/03_06_2020_0/output_0011/i0000048_s12_m17.jpg
data/images/03_06_2020_0/output_0008/i0001157_s12_m17.jpg
data/images/03_09_2020_1/output_0034/i0000499_s12_m17.jpg
data/images/03_09_2020_1/output_0032/i0000872_s12_m17.jpg
data/images/03_09_2020_1/output_0036/i0000570_s12_m17.jpg
data/images/03_09_2020_1/output_0037/i0000612_s12_m17.jpg
data/images/03_09_2020_1/output_0029/i0000749_s12_m17.jpg
data/images/03_09_2020_1/output_0018/i0000304_s12_m16.jpg
data/images/03_06_2020_0/output_0008/i0000122_s12_m16.jpg
data/images/03_10_2020_1/output_0005/i0000404_s12_m16.jpg
data/images/03_09_2020_1/output_0032/i0000143_s12_m17.jpg
data/images/03_12_2020_0/output_0001/i0000391_s12_m16.jpg
data/images/03_10_2020_1/output_0008/i0000071_s12_m16.jpg
data/images/03_09_2020_1/output_0023/i0000229_s12_m16.jpg
data/images/03_10_2020_1/output_0011/i0000705_s12_m16.jpg
data/images/03_09_2020_1/output_0037/i0000234_s12_m17.jpg
data/images/03_10_2020_1/output_0007/i0000775_s12_m16.jpg
data/images/03_06_2020_0/output_0008/i0001234_s12_m17.jpg
data/images/03_10_2020_1/output_0007/i0000104_s12_m16.jpg
data/images/03_10_2020_1/output_0010/i0000697_s12_m16.jpg
data/images/03_09_2020_1/output_0023/i0000452_s12_m16.jpg
data/images/03_09_2020_1/output_0026/i0000239_s12_m17.jpg
data/images/03_09_2020_1/output_0018/i0000301_s12_m16.jpg
data/images/03_06_2020_0/output_0011/i0001482_s12_m19.jpg
data/images/03_10_2020_1/output_0005/i0000941_s12_m16.jpg
data/images/03_06_2020_0/output_0009/i0001403_s12_m17.jpg
data/images/03_06_2020_0/output_0009/i0000562_s12_m17.jpg
data/images/03_06_2020_0/output_0006/i0001134_s12_m16.jpg
data/images/03_09_2020_1/output_0029/i0000819_s12_m17.jpg
data/images/03_09_2020_1/output_0014/i0000481_s12_m17.jpg
data/images/03_09_2020_1/output_0032/i0000409_s12_m17.jpg
data/images/03_10_2020_1/output_0000/i0000432_s12_m16.jpg
data/images/03_10_2020_1/output_0004/i0000402_s12_m16.jpg
data/images/03_10_2020_1/output_0014/i0000081_s12_m16.jpg
data/images/03_10_2020_1/output_0012/i0000461_s12_m16.jpg
data/images/03_10_2020_1/output_0012/i0000337_s12_m16.jpg
data/images/03_06_2020_0/output_0004/i0000280_s12_m16.jpg
data/images/03_10_2020_1/output_0006/i0000092_s12_m16.jpg
data/images/03_09_2020_1/output_0027/i0000241_s12_m18.jpg
data/images/03_06_2020_0/output_0004/i0000762_s12_m17.jpg
data/images/03_09_2020_1/output_0044/i0000286_s12_m18.jpg
data/images/03_09_2020_1/output_0023/i0000328_s12_m16.jpg
data/images/03_09_2020_1/output_0041/i0000801_s12_m16.jpg
data/images/03_09_2020_1/output_0033/i0000674_s12_m16.jpg
data/images/03_10_2020_1/output_0013/i0000022_s12_m16.jpg
data/images/03_09_2020_1/output_0026/i0000077_s12_m16.jpg
data/images/03_09_2020_1/output_0026/i0000303_s12_m17.jpg
data/images/03_06_2020_0/output_0004/i0001262_s12_m15.jpg
data/images/03_09_2020_1/output_0021/i0000144_s12_m17.jpg
data/images/03_09_2020_1/output_0032/i0000830_s12_m17.jpg
data/images/03_10_2020_1/output_0006/i0000053_s12_m16.jpg
data/images/03_10_2020_1/output_0012/i0000421_s12_m16.jpg
data/images/03_10_2020_1/output_0014/i0000695_s12_m16.jpg
data/images/03_10_2020_1/output_0006/i0000746_s12_m16.jpg
data/images/03_10_2020_1/output_0014/i0000357_s12_m16.jpg
data/images/03_09_2020_1/output_0032/i0000167_s12_m17.jpg
data/images/03_09_2020_1/output_0023/i0000594_s12_m17.jpg
data/images/03_10_2020_1/output_0007/i0000627_s12_m16.jpg
data/images/03_09_2020_1/output_0026/i0000587_s12_m17.jpg
data/images/03_06_2020_0/output_0004/i0000851_s12_m16.jpg
data/images/03_09_2020_1/output_0029/i0000716_s12_m17.jpg
data/images/03_10_2020_1/output_0006/i0000587_s12_m16.jpg
data/images/03_09_2020_1/output_0037/i0000338_s12_m17.jpg
data/images/03_09_2020_1/output_0031/i0000179_s12_m16.jpg
data/images/03_09_2020_1/output_0039/i0000131_s12_m17.jpg
data/images/03_09_2020_1/output_0017/i0000200_s12_m15.jpg
data/images/03_09_2020_1/output_0027/i0000268_s12_m18.jpg
data/images/03_10_2020_1/output_0008/i0000872_s12_m16.jpg
data/images/03_10_2020_1/output_0013/i0000784_s12_m16.jpg
data/images/03_06_2020_0/output_0009/i0000060_s12_m16.jpg
data/images/03_10_2020_1/output_0000/i0000244_s12_m16.jpg
data/images/03_10_2020_1/output_0002/i0000172_s12_m16.jpg
data/images/03_10_2020_1/output_0014/i0000800_s12_m16.jpg
data/images/03_06_2020_0/output_0009/i0000299_s12_m17.jpg
data/images/03_09_2020_1/output_0038/i0000415_s12_m16.jpg
data/images/03_10_2020_1/output_0015/i0000163_s12_m16.jpg
data/images/03_06_2020_0/output_0009/i0000089_s12_m16.jpg
data/images/03_10_2020_1/output_0015/i0000616_s12_m16.jpg
data/images/03_09_2020_1/output_0021/i0000647_s12_m17.jpg
data/images/03_06_2020_0/output_0009/i0001325_s12_m17.jpg
data/images/03_09_2020_1/output_0043/i0000172_s12_m17.jpg
data/images/03_10_2020_1/output_0013/i0000351_s12_m16.jpg
data/images/03_06_2020_0/output_0011/i0000354_s12_m17.jpg
data/images/03_10_2020_1/output_0005/i0000936_s12_m16.jpg
data/images/03_09_2020_1/output_0024/i0000418_s12_m17.jpg
data/images/03_09_2020_1/output_0030/i0000845_s12_m17.jpg
data/images/03_10_2020_1/output_0012/i0000918_s12_m16.jpg
data/images/03_06_2020_0/output_0006/i0000729_s12_m17.jpg
data/images/03_09_2020_1/output_0042/i0000425_s12_m17.jpg
data/images/03_09_2020_1/output_0020/i0000558_s12_m17.jpg
data/images/03_09_2020_1/output_0019/i0000499_s12_m17.jpg
data/images/03_09_2020_1/output_0038/i0000392_s12_m17.jpg
data/images/03_09_2020_1/output_0018/i0000694_s12_m16.jpg
data/images/03_10_2020_1/output_0011/i0000361_s12_m16.jpg
data/images/03_09_2020_1/output_0031/i0000636_s12_m16.jpg
data/images/03_09_2020_1/output_0024/i0000587_s12_m17.jpg
data/images/03_10_2020_1/output_0010/i0000129_s12_m16.jpg
data/images/03_09_2020_1/output_0043/i0000678_s12_m17.jpg
data/images/03_10_2020_1/output_0012/i0000556_s12_m16.jpg
data/images/03_10_2020_1/output_0013/i0000616_s12_m16.jpg
data/images/03_09_2020_1/output_0036/i0000106_s12_m17.jpg
data/images/03_06_2020_0/output_0006/i0000804_s12_m16.jpg
data/images/03_10_2020_1/output_0008/i0001021_s12_m16.jpg
data/images/03_09_2020_1/output_0037/i0000401_s12_m17.jpg
data/images/03_10_2020_1/output_0003/i0000564_s12_m16.jpg
data/images/03_10_2020_1/output_0009/i0000460_s12_m16.jpg
data/images/03_09_2020_1/output_0032/i0000610_s12_m17.jpg
data/images/03_06_2020_0/output_0006/i0000178_s12_m17.jpg
data/images/03_10_2020_1/output_0000/i0000500_s12_m16.jpg
data/images/03_09_2020_1/output_0034/i0000478_s12_m17.jpg
data/images/03_09_2020_1/output_0016/i0000481_s12_m16.jpg
data/images/03_06_2020_0/output_0004/i0000085_s12_m17.jpg
data/images/03_09_2020_1/output_0016/i0000127_s12_m17.jpg
data/images/03_10_2020_1/output_0011/i0001015_s12_m16.jpg
data/images/03_06_2020_0/output_0006/i0001137_s12_m16.jpg
data/images/03_06_2020_0/output_0008/i0001128_s12_m16.jpg
data/images/03_09_2020_1/output_0036/i0000619_s12_m17.jpg
data/images/03_09_2020_1/output_0023/i0000279_s12_m16.jpg
data/images/03_06_2020_0/output_0008/i0001279_s12_m16.jpg
data/images/03_09_2020_1/output_0043/i0000327_s12_m17.jpg
data/images/03_10_2020_1/output_0005/i0000237_s12_m16.jpg
data/images/03_10_2020_1/output_0008/i0000888_s12_m16.jpg
data/images/03_10_2020_1/output_0012/i0000768_s12_m16.jpg
data/images/03_09_2020_1/output_0023/i0000558_s12_m16.jpg
data/images/03_09_2020_1/output_0037/i0000565_s12_m16.jpg
data/images/03_09_2020_1/output_0042/i0000531_s12_m17.jpg
data/images/03_06_2020_0/output_0011/i0001388_s12_m18.jpg
data/images/03_09_2020_1/output_0038/i0000229_s12_m16.jpg
data/images/03_06_2020_0/output_0011/i0000532_s12_m16.jpg
data/images/03_09_2020_1/output_0044/i0000049_s12_m17.jpg
data/images/03_10_2020_1/output_0007/i0000452_s12_m16.jpg
data/images/03_10_2020_1/output_0008/i0000091_s12_m16.jpg
data/images/03_09_2020_1/output_0033/i0000050_s12_m16.jpg
data/images/03_10_2020_1/output_0013/i0000621_s12_m16.jpg
data/images/03_09_2020_1/output_0042/i0000265_s12_m17.jpg
data/images/03_06_2020_0/output_0004/i0000378_s12_m16.jpg
data/images/03_09_2020_1/output_0036/i0000008_s12_m17.jpg
data/images/03_06_2020_0/output_0006/i0000736_s12_m17.jpg
data/images/03_06_2020_0/output_0006/i0001387_s12_m17.jpg
data/images/03_06_2020_0/output_0009/i0000152_s12_m16.jpg
data/images/03_09_2020_1/output_0032/i0000529_s12_m16.jpg
data/images/03_09_2020_1/output_0019/i0000147_s12_m17.jpg
data/images/03_06_2020_0/output_0006/i0001226_s12_m16.jpg
data/images/03_09_2020_1/output_0023/i0000526_s12_m16.jpg
data/images/03_10_2020_1/output_0011/i0000523_s12_m16.jpg
data/images/03_09_2020_1/output_0035/i0000311_s12_m17.jpg
data/images/03_06_2020_0/output_0011/i0001083_s12_m17.jpg
data/images/03_10_2020_1/output_0015/i0000503_s12_m16.jpg
data/images/03_06_2020_0/output_0004/i0001068_s12_m17.jpg
data/images/03_10_2020_1/output_0015/i0000158_s12_m16.jpg
data/images/03_10_2020_1/output_0013/i0000848_s12_m16.jpg
data/images/03_09_2020_1/output_0026/i0000146_s12_m17.jpg
data/images/03_09_2020_1/output_0036/i0000572_s12_m17.jpg
data/images/03_09_2020_1/output_0040/i0000058_s12_m16.jpg
data/images/03_09_2020_1/output_0039/i0000159_s12_m16.jpg
data/images/03_09_2020_1/output_0032/i0000614_s12_m17.jpg
data/images/03_09_2020_1/output_0038/i0000100_s12_m16.jpg
data/images/03_09_2020_1/output_0022/i0000213_s12_m17.jpg
data/images/03_09_2020_1/output_0024/i0000269_s12_m17.jpg
data/images/03_10_2020_1/output_0008/i0000968_s12_m16.jpg
data/images/03_09_2020_1/output_0021/i0000648_s12_m17.jpg
data/images/03_09_2020_1/output_0036/i0000396_s12_m16.jpg
data/images/03_06_2020_0/output_0008/i0000831_s12_m17.jpg
data/images/03_10_2020_1/output_0006/i0000808_s12_m16.jpg
data/images/03_09_2020_1/output_0013/i0000071_s12_m17.jpg
data/images/03_10_2020_1/output_0015/i0000044_s12_m16.jpg
data/images/03_09_2020_1/output_0038/i0000636_s12_m17.jpg
data/images/03_09_2020_1/output_0036/i0000631_s12_m17.jpg
data/images/03_09_2020_1/output_0030/i0000698_s12_m17.jpg
data/images/03_10_2020_1/output_0013/i0000721_s12_m16.jpg
data/images/03_06_2020_0/output_0011/i0000390_s12_m17.jpg
data/images/03_09_2020_1/output_0032/i0000968_s12_m17.jpg
data/images/03_10_2020_1/output_0005/i0000601_s12_m16.jpg
data/images/03_10_2020_1/output_0012/i0000938_s12_m16.jpg
data/images/03_10_2020_1/output_0008/i0000338_s12_m16.jpg
data/images/03_09_2020_1/output_0038/i0000512_s12_m17.jpg
data/images/03_09_2020_1/output_0021/i0000181_s12_m17.jpg
data/images/03_09_2020_1/output_0043/i0000698_s12_m17.jpg
data/images/03_10_2020_1/output_0011/i0000196_s12_m16.jpg
data/images/03_09_2020_1/output_0022/i0000089_s12_m17.jpg
data/images/03_10_2020_1/output_0005/i0000077_s12_m16.jpg
data/images/03_09_2020_1/output_0037/i0000728_s12_m17.jpg
data/images/03_10_2020_1/output_0009/i0000015_s12_m15.jpg
data/images/03_09_2020_1/output_0018/i0000535_s12_m17.jpg
data/images/03_10_2020_1/output_0000/i0000677_s12_m15.jpg
data/images/03_09_2020_1/output_0032/i0000731_s12_m17.jpg
data/images/03_10_2020_1/output_0010/i0000992_s12_m16.jpg
data/images/03_09_2020_1/output_0020/i0000425_s12_m17.jpg
data/images/03_10_2020_1/output_0004/i0000990_s12_m16.jpg
data/images/03_10_2020_1/output_0015/i0000623_s12_m16.jpg
data/images/03_09_2020_1/output_0021/i0000522_s12_m17.jpg
data/images/03_09_2020_1/output_0037/i0000169_s12_m16.jpg
data/images/03_09_2020_1/output_0031/i0000413_s12_m17.jpg
data/images/03_09_2020_1/output_0036/i0000639_s12_m16.jpg
data/images/03_10_2020_1/output_0009/i0000306_s12_m16.jpg
data/images/03_09_2020_1/output_0031/i0000452_s12_m17.jpg
data/images/03_06_2020_0/output_0011/i0001001_s12_m17.jpg
data/images/03_09_2020_1/output_0042/i0000539_s12_m17.jpg
data/images/03_10_2020_1/output_0006/i0000395_s12_m16.jpg
data/images/03_10_2020_1/output_0011/i0000706_s12_m16.jpg
data/images/03_06_2020_0/output_0009/i0000072_s12_m17.jpg
data/images/03_09_2020_1/output_0014/i0000340_s12_m17.jpg
data/images/03_09_2020_1/output_0026/i0000247_s12_m17.jpg
data/images/03_06_2020_0/output_0009/i0000151_s12_m16.jpg
data/images/03_10_2020_1/output_0015/i0000790_s12_m16.jpg
data/images/03_09_2020_1/output_0033/i0000098_s12_m16.jpg
data/images/03_10_2020_1/output_0007/i0000838_s12_m16.jpg
data/images/03_09_2020_1/output_0042/i0000357_s12_m17.jpg
data/images/03_09_2020_1/output_0042/i0000687_s12_m17.jpg
data/images/03_09_2020_1/output_0020/i0000200_s12_m17.jpg
data/images/03_06_2020_0/output_0009/i0000973_s12_m17.jpg
data/images/03_09_2020_1/output_0032/i0000183_s12_m17.jpg
data/images/03_10_2020_1/output_0004/i0000126_s12_m15.jpg
data/images/03_10_2020_1/output_0011/i0000976_s12_m16.jpg
data/images/03_10_2020_1/output_0010/i0000460_s12_m16.jpg
data/images/03_09_2020_1/output_0022/i0000345_s12_m17.jpg
data/images/03_09_2020_1/output_0017/i0000203_s12_m16.jpg
data/images/03_06_2020_0/output_0008/i0000824_s12_m17.jpg
data/images/03_09_2020_1/output_0043/i0000194_s12_m17.jpg
data/images/03_10_2020_1/output_0007/i0000363_s12_m16.jpg
data/images/03_06_2020_0/output_0008/i0001408_s12_m17.jpg
data/images/03_06_2020_0/output_0011/i0000501_s12_m17.jpg
data/images/03_10_2020_1/output_0000/i0000222_s12_m16.jpg
data/images/03_10_2020_1/output_0015/i0000772_s12_m16.jpg
data/images/03_09_2020_1/output_0042/i0000097_s12_m16.jpg
data/images/03_09_2020_1/output_0038/i0000692_s12_m16.jpg
data/images/03_10_2020_1/output_0016/i0000083_s12_m17.jpg
data/images/03_10_2020_1/output_0012/i0000961_s12_m16.jpg
data/images/03_09_2020_1/output_0021/i0000487_s12_m17.jpg
data/images/03_09_2020_1/output_0030/i0000352_s12_m17.jpg
data/images/03_10_2020_1/output_0000/i0000303_s12_m16.jpg
data/images/03_09_2020_1/output_0031/i0000532_s12_m17.jpg
data/images/03_10_2020_1/output_0007/i0000654_s12_m16.jpg
data/images/03_09_2020_1/output_0029/i0000738_s12_m17.jpg
data/images/03_09_2020_1/output_0030/i0000243_s12_m16.jpg
data/images/03_09_2020_1/output_0040/i0000525_s12_m17.jpg
data/images/03_06_2020_0/output_0008/i0000543_s12_m17.jpg
data/images/03_09_2020_1/output_0020/i0000330_s12_m16.jpg
data/images/03_06_2020_0/output_0009/i0000457_s12_m17.jpg
data/images/03_09_2020_1/output_0039/i0000262_s12_m17.jpg
data/images/03_09_2020_1/output_0040/i0000047_s12_m17.jpg
data/images/03_10_2020_1/output_0011/i0000722_s12_m16.jpg
data/images/03_06_2020_0/output_0011/i0000714_s12_m17.jpg
data/images/03_10_2020_1/output_0015/i0000164_s12_m16.jpg
data/images/03_10_2020_1/output_0008/i0001000_s12_m16.jpg
data/images/03_06_2020_0/output_0006/i0000233_s12_m16.jpg
data/images/03_09_2020_1/output_0034/i0000093_s12_m16.jpg
data/images/03_10_2020_1/output_0006/i0000545_s12_m16.jpg
data/images/03_10_2020_1/output_0009/i0000170_s12_m16.jpg
data/images/03_10_2020_1/output_0010/i0000614_s12_m16.jpg
data/images/03_09_2020_1/output_0021/i0000324_s12_m17.jpg
data/images/03_09_2020_1/output_0030/i0000499_s12_m17.jpg
data/images/03_09_2020_1/output_0037/i0000448_s12_m17.jpg
data/images/03_10_2020_1/output_0009/i0000628_s12_m16.jpg
data/images/03_09_2020_1/output_0018/i0000154_s12_m16.jpg
data/images/03_09_2020_1/output_0022/i0000073_s12_m17.jpg
data/images/03_06_2020_0/output_0011/i0000680_s12_m17.jpg
data/images/03_09_2020_1/output_0019/i0000473_s12_m17.jpg
data/images/03_10_2020_1/output_0003/i0000305_s12_m16.jpg
data/images/03_10_2020_1/output_0007/i0000516_s12_m16.jpg
data/images/03_09_2020_1/output_0033/i0000292_s12_m16.jpg
data/images/03_10_2020_1/output_0009/i0000199_s12_m16.jpg
data/images/03_06_2020_0/output_0008/i0001076_s12_m17.jpg
data/images/03_09_2020_1/output_0024/i0000118_s12_m16.jpg
data/images/03_10_2020_1/output_0012/i0000959_s12_m16.jpg
data/images/03_10_2020_1/output_0001/i0000386_s12_m16.jpg
data/images/03_10_2020_1/output_0015/i0000791_s12_m16.jpg
data/images/03_09_2020_1/output_0030/i0000938_s12_m17.jpg
data/images/03_10_2020_1/output_0003/i0000777_s12_m16.jpg
data/images/03_06_2020_0/output_0006/i0000089_s12_m16.jpg
data/images/03_09_2020_1/output_0013/i0000422_s12_m16.jpg
data/images/03_10_2020_1/output_0008/i0000487_s12_m16.jpg
data/images/03_09_2020_1/output_0021/i0000072_s12_m17.jpg
data/images/03_09_2020_1/output_0034/i0000458_s12_m17.jpg
data/images/03_09_2020_1/output_0019/i0000173_s12_m16.jpg
data/images/03_09_2020_1/output_0030/i0000078_s12_m16.jpg
data/images/03_10_2020_1/output_0004/i0000684_s12_m16.jpg
data/images/03_10_2020_1/output_0009/i0000661_s12_m16.jpg
data/images/03_10_2020_1/output_0012/i0000859_s12_m16.jpg
data/images/03_06_2020_0/output_0008/i0001301_s12_m16.jpg
data/images/03_10_2020_1/output_0002/i0000203_s12_m15.jpg
data/images/03_09_2020_1/output_0031/i0000307_s12_m17.jpg
data/images/03_09_2020_1/output_0035/i0000187_s12_m16.jpg
data/images/03_09_2020_1/output_0043/i0000617_s12_m17.jpg
data/images/03_10_2020_1/output_0010/i0000940_s12_m16.jpg
data/images/03_06_2020_0/output_0009/i0000931_s12_m17.jpg
data/images/03_10_2020_1/output_0002/i0000212_s12_m15.jpg
data/images/03_10_2020_1/output_0000/i0000187_s12_m16.jpg
data/images/03_09_2020_1/output_0030/i0000382_s12_m16.jpg
data/images/03_10_2020_1/output_0009/i0000201_s12_m16.jpg
data/images/03_10_2020_1/output_0006/i0000427_s12_m16.jpg
data/images/03_09_2020_1/output_0018/i0000227_s12_m17.jpg
data/images/03_09_2020_1/output_0031/i0000551_s12_m17.jpg
data/images/03_09_2020_1/output_0026/i0000207_s12_m17.jpg
data/images/03_10_2020_1/output_0008/i0000924_s12_m16.jpg
data/images/03_10_2020_1/output_0000/i0000649_s12_m15.jpg
data/images/03_10_2020_1/output_0009/i0000970_s12_m16.jpg
data/images/03_09_2020_1/output_0032/i0000304_s12_m17.jpg
data/images/03_06_2020_0/output_0004/i0000567_s12_m16.jpg
data/images/03_09_2020_1/output_0032/i0000556_s12_m16.jpg
data/images/03_09_2020_1/output_0035/i0000173_s12_m17.jpg
data/images/03_06_2020_0/output_0008/i0001254_s12_m17.jpg
data/images/03_09_2020_1/output_0042/i0000218_s12_m17.jpg
data/images/03_09_2020_1/output_0032/i0000531_s12_m16.jpg
data/images/03_10_2020_1/output_0004/i0000889_s12_m15.jpg
data/images/03_10_2020_1/output_0013/i0000921_s12_m16.jpg
data/images/03_10_2020_1/output_0003/i0000740_s12_m16.jpg
data/images/03_10_2020_1/output_0004/i0000577_s12_m15.jpg
data/images/03_09_2020_1/output_0031/i0000741_s12_m17.jpg
data/images/03_09_2020_1/output_0026/i0000397_s12_m17.jpg
data/images/03_10_2020_1/output_0012/i0000663_s12_m16.jpg
data/images/03_10_2020_1/output_0012/i0000295_s12_m16.jpg
data/images/03_09_2020_1/output_0013/i0000025_s12_m16.jpg
data/images/03_10_2020_1/output_0015/i0000708_s12_m16.jpg
data/images/03_06_2020_0/output_0008/i0001382_s12_m17.jpg
data/images/03_06_2020_0/output_0011/i0000703_s12_m17.jpg
data/images/03_06_2020_0/output_0006/i0000636_s12_m17.jpg
data/images/03_10_2020_1/output_0004/i0000642_s12_m16.jpg
data/images/03_09_2020_1/output_0036/i0000216_s12_m17.jpg
data/images/03_09_2020_1/output_0033/i0000396_s12_m16.jpg
data/images/03_09_2020_1/output_0033/i0000381_s12_m16.jpg
data/images/03_09_2020_1/output_0035/i0000132_s12_m17.jpg
data/images/03_10_2020_1/output_0013/i0000218_s12_m16.jpg
data/images/03_09_2020_1/output_0020/i0000608_s12_m17.jpg
data/images/03_09_2020_1/output_0026/i0000186_s12_m17.jpg
data/images/03_10_2020_1/output_0003/i0000747_s12_m16.jpg
data/images/03_09_2020_1/output_0038/i0000158_s12_m16.jpg
data/images/03_09_2020_1/output_0030/i0000117_s12_m16.jpg
data/images/03_10_2020_1/output_0003/i0000541_s12_m16.jpg
data/images/03_10_2020_1/output_0010/i0001005_s12_m16.jpg
data/images/03_09_2020_1/output_0029/i0000350_s12_m16.jpg
data/images/03_10_2020_1/output_0013/i0000623_s12_m16.jpg
data/images/03_06_2020_0/output_0006/i0000068_s12_m16.jpg
data/images/03_09_2020_1/output_0018/i0000530_s12_m17.jpg
data/images/03_09_2020_1/output_0031/i0000802_s12_m17.jpg
data/images/03_06_2020_0/output_0009/i0000600_s12_m17.jpg
data/images/03_06_2020_0/output_0009/i0001333_s12_m17.jpg
data/images/03_09_2020_1/output_0024/i0000530_s12_m17.jpg
data/images/03_10_2020_1/output_0007/i0000814_s12_m16.jpg
data/images/03_10_2020_1/output_0008/i0000887_s12_m16.jpg
data/images/03_10_2020_1/output_0014/i0000411_s12_m16.jpg
data/images/03_09_2020_1/output_0038/i0000288_s12_m17.jpg
data/images/03_09_2020_1/output_0026/i0000225_s12_m17.jpg
data/images/03_06_2020_0/output_0011/i0001124_s12_m17.jpg
data/images/03_09_2020_1/output_0029/i0000815_s12_m17.jpg
data/images/03_10_2020_1/output_0008/i0001022_s12_m16.jpg
data/images/03_10_2020_1/output_0008/i0000591_s12_m16.jpg
data/images/03_09_2020_1/output_0017/i0000255_s12_m17.jpg
data/images/03_10_2020_1/output_0015/i0000487_s12_m16.jpg
data/images/03_09_2020_1/output_0018/i0000275_s12_m16.jpg
data/images/03_06_2020_0/output_0008/i0000029_s12_m16.jpg
data/images/03_06_2020_0/output_0008/i0000427_s12_m17.jpg
data/images/03_10_2020_1/output_0011/i0000470_s12_m16.jpg
data/images/03_09_2020_1/output_0036/i0000073_s12_m17.jpg
data/images/03_09_2020_1/output_0033/i0000097_s12_m16.jpg
data/images/03_09_2020_1/output_0018/i0000189_s12_m16.jpg
data/images/03_09_2020_1/output_0031/i0000055_s12_m17.jpg
data/images/03_09_2020_1/output_0019/i0000019_s12_m17.jpg
data/images/03_10_2020_1/output_0014/i0000037_s12_m16.jpg
data/images/03_10_2020_1/output_0005/i0000517_s12_m16.jpg
data/images/03_09_2020_1/output_0042/i0000151_s12_m17.jpg
data/images/03_09_2020_1/output_0037/i0000381_s12_m16.jpg
data/images/03_10_2020_1/output_0004/i0000787_s12_m15.jpg
data/images/03_06_2020_0/output_0011/i0001037_s12_m17.jpg
data/images/03_09_2020_1/output_0041/i0000722_s12_m16.jpg
data/images/03_06_2020_0/output_0006/i0000989_s12_m17.jpg
data/images/03_10_2020_1/output_0007/i0000811_s12_m16.jpg
data/images/03_09_2020_1/output_0044/i0000315_s12_m18.jpg
data/images/03_09_2020_1/output_0042/i0000217_s12_m17.jpg
data/images/03_10_2020_1/output_0001/i0000407_s12_m16.jpg
data/images/03_10_2020_1/output_0005/i0001091_s12_m16.jpg
data/images/03_06_2020_0/output_0009/i0000150_s12_m16.jpg
data/images/03_09_2020_1/output_0031/i0000249_s12_m17.jpg
data/images/03_10_2020_1/output_0004/i0001090_s12_m16.jpg
data/images/03_10_2020_1/output_0000/i0000180_s12_m16.jpg
data/images/03_09_2020_1/output_0029/i0000577_s12_m16.jpg
data/images/03_09_2020_1/output_0038/i0000627_s12_m17.jpg
data/images/03_09_2020_1/output_0026/i0000608_s12_m17.jpg
data/images/03_10_2020_1/output_0004/i0000703_s12_m16.jpg
data/images/03_09_2020_1/output_0033/i0000170_s12_m16.jpg
data/images/03_09_2020_1/output_0031/i0000724_s12_m17.jpg
data/images/03_10_2020_1/output_0005/i0000550_s12_m16.jpg
data/images/03_10_2020_1/output_0014/i0000111_s12_m16.jpg
data/images/03_10_2020_1/output_0004/i0000308_s12_m16.jpg
data/images/03_06_2020_0/output_0011/i0000610_s12_m17.jpg
data/images/03_06_2020_0/output_0008/i0001090_s12_m17.jpg
data/images/03_09_2020_1/output_0035/i0000572_s12_m16.jpg
data/images/03_06_2020_0/output_0004/i0001382_s12_m17.jpg
data/images/03_10_2020_1/output_0010/i0000037_s12_m16.jpg
data/images/03_06_2020_0/output_0009/i0000042_s12_m17.jpg
data/images/03_10_2020_1/output_0003/i0000931_s12_m16.jpg
data/images/03_09_2020_1/output_0036/i0000195_s12_m17.jpg
data/images/03_09_2020_1/output_0021/i0000223_s12_m17.jpg
data/images/03_10_2020_1/output_0005/i0000995_s12_m15.jpg
data/images/03_09_2020_1/output_0043/i0000513_s12_m17.jpg
data/images/03_06_2020_0/output_0004/i0001213_s12_m16.jpg
data/images/03_10_2020_1/output_0007/i0000515_s12_m16.jpg
data/images/03_09_2020_1/output_0022/i0000582_s12_m16.jpg
data/images/03_10_2020_1/output_0001/i0000198_s12_m16.jpg
data/images/03_10_2020_1/output_0010/i0001059_s12_m16.jpg
data/images/03_06_2020_0/output_0009/i0000436_s12_m17.jpg
data/images/03_10_2020_1/output_0012/i0000423_s12_m16.jpg
data/images/03_09_2020_1/output_0038/i0000497_s12_m17.jpg
data/images/03_06_2020_0/output_0006/i0000299_s12_m17.jpg
data/images/03_10_2020_1/output_0013/i0000837_s12_m16.jpg
data/images/03_09_2020_1/output_0044/i0000090_s12_m17.jpg
data/images/03_09_2020_1/output_0037/i0000386_s12_m16.jpg
data/images/03_06_2020_0/output_0006/i0000620_s12_m17.jpg
data/images/03_09_2020_1/output_0034/i0000474_s12_m17.jpg
data/images/03_09_2020_1/output_0017/i0000304_s12_m17.jpg
data/images/03_10_2020_1/output_0015/i0000455_s12_m16.jpg
data/images/03_06_2020_0/output_0004/i0000204_s12_m17.jpg
data/images/03_09_2020_1/output_0023/i0000245_s12_m16.jpg
data/images/03_09_2020_1/output_0013/i0000028_s12_m16.jpg
data/images/03_10_2020_1/output_0011/i0000946_s12_m16.jpg
data/images/03_10_2020_1/output_0015/i0000474_s12_m16.jpg
data/images/03_09_2020_1/output_0021/i0000664_s12_m17.jpg
data/images/03_09_2020_1/output_0038/i0000090_s12_m16.jpg
data/images/03_09_2020_1/output_0038/i0000254_s12_m16.jpg
data/images/03_10_2020_1/output_0006/i0000069_s12_m16.jpg
data/images/03_10_2020_1/output_0013/i0000015_s12_m15.jpg
data/images/03_09_2020_1/output_0042/i0000798_s12_m16.jpg
data/images/03_06_2020_0/output_0009/i0000306_s12_m17.jpg
data/images/03_10_2020_1/output_0004/i0000064_s12_m15.jpg
data/images/03_09_2020_1/output_0044/i0000346_s12_m18.jpg
data/images/03_10_2020_1/output_0000/i0000242_s12_m16.jpg
data/images/03_10_2020_1/output_0005/i0000407_s12_m16.jpg
data/images/03_09_2020_1/output_0044/i0000087_s12_m17.jpg
data/images/03_06_2020_0/output_0009/i0000357_s12_m16.jpg
data/images/03_09_2020_1/output_0032/i0000426_s12_m17.jpg
data/images/03_09_2020_1/output_0021/i0000382_s12_m17.jpg
data/images/03_09_2020_1/output_0042/i0000698_s12_m17.jpg
data/images/03_09_2020_1/output_0020/i0000300_s12_m16.jpg
data/images/03_10_2020_1/output_0004/i0000886_s12_m15.jpg
data/images/03_09_2020_1/output_0038/i0000121_s12_m16.jpg
data/images/03_09_2020_1/output_0026/i0000433_s12_m17.jpg
data/images/03_09_2020_1/output_0019/i0000180_s12_m16.jpg
data/images/03_09_2020_1/output_0026/i0000398_s12_m17.jpg
data/images/03_10_2020_1/output_0013/i0000031_s12_m16.jpg
data/images/03_09_2020_1/output_0024/i0000244_s12_m16.jpg
data/images/03_09_2020_1/output_0039/i0000138_s12_m16.jpg
data/images/03_10_2020_1/output_0005/i0000876_s12_m15.jpg
data/images/03_10_2020_1/output_0009/i0000711_s12_m16.jpg
data/images/03_10_2020_1/output_0016/i0000240_s12_m18.jpg
data/images/03_10_2020_1/output_0008/i0000985_s12_m16.jpg
data/images/03_10_2020_1/output_0004/i0000727_s12_m16.jpg
data/images/03_06_2020_0/output_0006/i0000353_s12_m17.jpg
data/images/03_10_2020_1/output_0000/i0000680_s12_m16.jpg
data/images/03_10_2020_1/output_0012/i0000923_s12_m16.jpg
data/images/03_06_2020_0/output_0008/i0001083_s12_m17.jpg
data/images/03_06_2020_0/output_0004/i0000657_s12_m16.jpg
data/images/03_09_2020_1/output_0038/i0000099_s12_m16.jpg
data/images/03_09_2020_1/output_0039/i0000346_s12_m17.jpg
data/images/03_09_2020_1/output_0019/i0000544_s12_m17.jpg
data/images/03_09_2020_1/output_0023/i0000220_s12_m16.jpg
data/images/03_06_2020_0/output_0006/i0001367_s12_m17.jpg
data/images/03_09_2020_1/output_0040/i0000380_s12_m16.jpg
data/images/03_09_2020_1/output_0037/i0000200_s12_m17.jpg
data/images/03_10_2020_1/output_0013/i0000525_s12_m16.jpg
data/images/03_09_2020_1/output_0031/i0000061_s12_m17.jpg
data/images/03_09_2020_1/output_0038/i0000122_s12_m16.jpg
data/images/03_09_2020_1/output_0035/i0000428_s12_m16.jpg
data/images/03_10_2020_1/output_0016/i0000265_s12_m18.jpg
data/images/03_09_2020_1/output_0037/i0000486_s12_m17.jpg
data/images/03_09_2020_1/output_0031/i0000276_s12_m17.jpg
data/images/03_10_2020_1/output_0005/i0000532_s12_m16.jpg
data/images/03_10_2020_1/output_0005/i0000604_s12_m16.jpg
data/images/03_09_2020_1/output_0029/i0000122_s12_m16.jpg
data/images/03_10_2020_1/output_0004/i0000030_s12_m16.jpg
data/images/03_09_2020_1/output_0034/i0000423_s12_m16.jpg
data/images/03_06_2020_0/output_0011/i0000352_s12_m17.jpg
data/images/03_10_2020_1/output_0011/i0000142_s12_m16.jpg
data/images/03_09_2020_1/output_0027/i0000128_s12_m18.jpg
data/images/03_09_2020_1/output_0026/i0000495_s12_m17.jpg
data/images/03_10_2020_1/output_0015/i0000238_s12_m16.jpg
data/images/03_09_2020_1/output_0023/i0000164_s12_m17.jpg
data/images/03_09_2020_1/output_0036/i0000698_s12_m17.jpg
data/images/03_10_2020_1/output_0007/i0000294_s12_m16.jpg
data/images/03_10_2020_1/output_0016/i0000034_s12_m18.jpg
data/images/03_09_2020_1/output_0017/i0000048_s12_m17.jpg
data/images/03_09_2020_1/output_0040/i0000066_s12_m16.jpg
data/images/03_06_2020_0/output_0008/i0000400_s12_m16.jpg
data/images/03_10_2020_1/output_0015/i0000244_s12_m16.jpg
data/images/03_10_2020_1/output_0004/i0000989_s12_m16.jpg
data/images/03_09_2020_1/output_0024/i0000344_s12_m17.jpg
data/images/03_10_2020_1/output_0015/i0000384_s12_m16.jpg
data/images/03_09_2020_1/output_0029/i0000257_s12_m16.jpg
data/images/03_06_2020_0/output_0008/i0001011_s12_m17.jpg
data/images/03_09_2020_1/output_0041/i0000342_s12_m17.jpg
data/images/03_10_2020_1/output_0004/i0000454_s12_m16.jpg
data/images/03_09_2020_1/output_0042/i0000405_s12_m17.jpg
data/images/03_09_2020_1/output_0026/i0000588_s12_m17.jpg
data/images/03_10_2020_1/output_0016/i0000241_s12_m18.jpg
data/images/03_09_2020_1/output_0032/i0000807_s12_m17.jpg
data/images/03_10_2020_1/output_0003/i0000087_s12_m16.jpg
data/images/03_09_2020_1/output_0013/i0000224_s12_m16.jpg
data/images/03_10_2020_1/output_0013/i0000096_s12_m16.jpg
data/images/03_10_2020_1/output_0014/i0000836_s12_m16.jpg
data/images/03_09_2020_1/output_0038/i0000661_s12_m16.jpg
data/images/03_06_2020_0/output_0006/i0001070_s12_m16.jpg
data/images/03_10_2020_1/output_0006/i0000651_s12_m16.jpg
data/images/03_09_2020_1/output_0040/i0000162_s12_m17.jpg
data/images/03_09_2020_1/output_0043/i0000518_s12_m17.jpg
data/images/03_10_2020_1/output_0009/i0000070_s12_m16.jpg
data/images/03_09_2020_1/output_0032/i0000621_s12_m17.jpg
data/images/03_09_2020_1/output_0032/i0000852_s12_m17.jpg
data/images/03_09_2020_1/output_0019/i0000701_s12_m17.jpg
data/images/03_10_2020_1/output_0016/i0000079_s12_m17.jpg
data/images/03_09_2020_1/output_0040/i0000214_s12_m17.jpg
data/images/03_10_2020_1/output_0010/i0000922_s12_m16.jpg
data/images/03_09_2020_1/output_0039/i0000162_s12_m16.jpg
data/images/03_06_2020_0/output_0006/i0000955_s12_m17.jpg
data/images/03_06_2020_0/output_0008/i0001061_s12_m17.jpg
data/images/03_09_2020_1/output_0031/i0000237_s12_m17.jpg
data/images/03_09_2020_1/output_0036/i0000508_s12_m17.jpg
data/images/03_09_2020_1/output_0036/i0000337_s12_m16.jpg
data/images/03_10_2020_1/output_0009/i0000696_s12_m16.jpg
data/images/03_10_2020_1/output_0015/i0000706_s12_m16.jpg
data/images/03_10_2020_1/output_0008/i0000885_s12_m16.jpg
data/images/03_09_2020_1/output_0022/i0000684_s12_m16.jpg
data/images/03_09_2020_1/output_0031/i0000784_s12_m17.jpg
data/images/03_10_2020_1/output_0011/i0000259_s12_m16.jpg
data/images/03_06_2020_0/output_0011/i0000082_s12_m17.jpg
data/images/03_10_2020_1/output_0013/i0000016_s12_m16.jpg
data/images/03_09_2020_1/output_0022/i0000432_s12_m17.jpg
data/images/03_10_2020_1/output_0005/i0001024_s12_m16.jpg
data/images/03_10_2020_1/output_0003/i0000296_s12_m16.jpg
data/images/03_09_2020_1/output_0038/i0000371_s12_m17.jpg
data/images/03_06_2020_0/output_0008/i0000424_s12_m17.jpg
data/images/03_09_2020_1/output_0043/i0000430_s12_m17.jpg
data/images/03_09_2020_1/output_0023/i0000297_s12_m16.jpg
data/images/03_06_2020_0/output_0009/i0000276_s12_m16.jpg
data/images/03_09_2020_1/output_0023/i0000281_s12_m16.jpg
data/images/03_06_2020_0/output_0008/i0000446_s12_m17.jpg
data/images/03_09_2020_1/output_0021/i0000288_s12_m17.jpg
data/images/03_09_2020_1/output_0014/i0000203_s12_m16.jpg
data/images/03_10_2020_1/output_0014/i0000584_s12_m16.jpg
data/images/03_09_2020_1/output_0019/i0000589_s12_m17.jpg
data/images/03_09_2020_1/output_0033/i0000398_s12_m16.jpg
data/images/03_09_2020_1/output_0038/i0000646_s12_m16.jpg
data/images/03_10_2020_1/output_0010/i0000733_s12_m16.jpg
data/images/03_10_2020_1/output_0013/i0000214_s12_m16.jpg
data/images/03_09_2020_1/output_0039/i0000433_s12_m16.jpg
data/images/03_09_2020_1/output_0014/i0000228_s12_m16.jpg
data/images/03_10_2020_1/output_0008/i0001051_s12_m16.jpg
data/images/03_10_2020_1/output_0003/i0000429_s12_m16.jpg
data/images/03_09_2020_1/output_0043/i0000412_s12_m17.jpg
data/images/03_06_2020_0/output_0011/i0000054_s12_m17.jpg
data/images/03_09_2020_1/output_0042/i0000546_s12_m17.jpg
data/images/03_06_2020_0/output_0011/i0001329_s12_m18.jpg
data/images/03_09_2020_1/output_0044/i0000376_s12_m18.jpg
data/images/03_09_2020_1/output_0034/i0000229_s12_m16.jpg
data/images/03_09_2020_1/output_0032/i0000117_s12_m16.jpg
data/images/03_10_2020_1/output_0012/i0000650_s12_m16.jpg
data/images/03_09_2020_1/output_0030/i0000032_s12_m16.jpg
data/images/03_09_2020_1/output_0036/i0000702_s12_m17.jpg
data/images/03_10_2020_1/output_0007/i0000428_s12_m16.jpg
data/images/03_10_2020_1/output_0004/i0000522_s12_m16.jpg
data/images/03_09_2020_1/output_0021/i0000451_s12_m17.jpg
data/images/03_10_2020_1/output_0010/i0000810_s12_m16.jpg
data/images/03_06_2020_0/output_0008/i0000493_s12_m17.jpg
data/images/03_06_2020_0/output_0006/i0001047_s12_m17.jpg
data/images/03_10_2020_1/output_0000/i0000064_s12_m16.jpg
data/images/03_09_2020_1/output_0039/i0000173_s12_m16.jpg
data/images/03_10_2020_1/output_0005/i0000506_s12_m16.jpg
data/images/03_09_2020_1/output_0023/i0000187_s12_m17.jpg
data/images/03_06_2020_0/output_0004/i0001415_s12_m16.jpg
data/images/03_09_2020_1/output_0029/i0000447_s12_m16.jpg
data/images/03_06_2020_0/output_0011/i0001463_s12_m18.jpg
data/images/03_09_2020_1/output_0043/i0000425_s12_m17.jpg
data/images/03_10_2020_1/output_0014/i0000065_s12_m16.jpg
data/images/03_09_2020_1/output_0039/i0000226_s12_m17.jpg
data/images/03_10_2020_1/output_0015/i0000882_s12_m17.jpg
data/images/03_09_2020_1/output_0035/i0000719_s12_m16.jpg
data/images/03_09_2020_1/output_0026/i0000186_s12_m17.jpg
data/images/03_10_2020_1/output_0014/i0000528_s12_m16.jpg
data/images/03_10_2020_1/output_0000/i0000443_s12_m16.jpg
data/images/03_10_2020_1/output_0005/i0000133_s12_m15.jpg
data/images/03_09_2020_1/output_0035/i0000408_s12_m16.jpg
data/images/03_09_2020_1/output_0017/i0000222_s12_m16.jpg
data/images/03_10_2020_1/output_0011/i0000888_s12_m16.jpg
data/images/03_06_2020_0/output_0006/i0000687_s12_m17.jpg
data/images/03_10_2020_1/output_0012/i0000026_s12_m16.jpg
data/images/03_09_2020_1/output_0039/i0000211_s12_m17.jpg
data/images/03_09_2020_1/output_0015/i0000174_s12_m17.jpg
data/images/03_10_2020_1/output_0001/i0000237_s12_m16.jpg
data/images/03_09_2020_1/output_0030/i0000703_s12_m17.jpg
data/images/03_06_2020_0/output_0006/i0001132_s12_m16.jpg
data/images/03_09_2020_1/output_0040/i0000342_s12_m16.jpg
data/images/03_09_2020_1/output_0031/i0000482_s12_m16.jpg
data/images/03_10_2020_1/output_0014/i0000305_s12_m16.jpg
data/images/03_06_2020_0/output_0011/i0000423_s12_m17.jpg
data/images/03_10_2020_1/output_0002/i0000083_s12_m15.jpg
data/images/03_10_2020_1/output_0016/i0000161_s12_m17.jpg
data/images/03_09_2020_1/output_0024/i0000656_s12_m17.jpg
data/images/03_10_2020_1/output_0010/i0001045_s12_m16.jpg
data/images/03_10_2020_1/output_0009/i0000520_s12_m16.jpg
data/images/03_10_2020_1/output_0006/i0000488_s12_m16.jpg
data/images/03_06_2020_0/output_0008/i0001068_s12_m17.jpg
data/images/03_09_2020_1/output_0040/i0000111_s12_m16.jpg
data/images/03_10_2020_1/output_0003/i0000955_s12_m16.jpg
data/images/03_06_2020_0/output_0006/i0000144_s12_m16.jpg
data/images/03_09_2020_1/output_0021/i0000166_s12_m16.jpg
data/images/03_10_2020_1/output_0013/i0000804_s12_m16.jpg
data/images/03_09_2020_1/output_0041/i0000730_s12_m16.jpg
data/images/03_09_2020_1/output_0039/i0000505_s12_m17.jpg
data/images/03_09_2020_1/output_0042/i0000483_s12_m17.jpg
data/images/03_10_2020_1/output_0007/i0000361_s12_m16.jpg
data/images/03_09_2020_1/output_0030/i0000679_s12_m16.jpg
data/images/03_10_2020_1/output_0005/i0000560_s12_m16.jpg
data/images/03_09_2020_1/output_0020/i0000264_s12_m17.jpg
data/images/03_10_2020_1/output_0000/i0000679_s12_m15.jpg
data/images/03_09_2020_1/output_0026/i0000065_s12_m17.jpg
data/images/03_10_2020_1/output_0012/i0000883_s12_m16.jpg
data/images/03_10_2020_1/output_0014/i0000264_s12_m16.jpg
data/images/03_10_2020_1/output_0015/i0000609_s12_m16.jpg
data/images/03_06_2020_0/output_0004/i0000293_s12_m16.jpg
data/images/03_10_2020_1/output_0014/i0000041_s12_m17.jpg
data/images/03_09_2020_1/output_0029/i0000802_s12_m17.jpg
data/images/03_09_2020_1/output_0036/i0000526_s12_m16.jpg
data/images/03_09_2020_1/output_0029/i0000686_s12_m16.jpg
data/images/03_10_2020_1/output_0015/i0000670_s12_m16.jpg
data/images/03_10_2020_1/output_0012/i0000465_s12_m16.jpg
data/images/03_09_2020_1/output_0020/i0000295_s12_m16.jpg
data/images/03_09_2020_1/output_0023/i0000465_s12_m16.jpg
data/images/03_10_2020_1/output_0009/i0000433_s12_m16.jpg
data/images/03_10_2020_1/output_0010/i0000463_s12_m16.jpg
data/images/03_06_2020_0/output_0006/i0000595_s12_m17.jpg
data/images/03_09_2020_1/output_0026/i0000086_s12_m16.jpg
data/images/03_09_2020_1/output_0015/i0000389_s12_m17.jpg
data/images/03_09_2020_1/output_0016/i0000446_s12_m17.jpg
data/images/03_09_2020_1/output_0032/i0000969_s12_m17.jpg
data/images/03_09_2020_1/output_0022/i0000679_s12_m16.jpg
data/images/03_09_2020_1/output_0033/i0000579_s12_m16.jpg
data/images/03_09_2020_1/output_0013/i0000442_s12_m16.jpg
data/images/03_09_2020_1/output_0040/i0000130_s12_m17.jpg
data/images/03_09_2020_1/output_0043/i0000374_s12_m17.jpg
data/images/03_06_2020_0/output_0004/i0001215_s12_m16.jpg
data/images/03_10_2020_1/output_0007/i0000519_s12_m16.jpg
data/images/03_10_2020_1/output_0014/i0000042_s12_m17.jpg
data/images/03_06_2020_0/output_0009/i0000161_s12_m17.jpg
data/images/03_09_2020_1/output_0041/i0000789_s12_m17.jpg
data/images/03_09_2020_1/output_0040/i0000516_s12_m17.jpg
data/images/03_09_2020_1/output_0044/i0000091_s12_m17.jpg
data/images/03_10_2020_1/output_0012/i0000526_s12_m16.jpg
data/images/03_10_2020_1/output_0011/i0000029_s12_m15.jpg
data/images/03_10_2020_1/output_0000/i0000186_s12_m16.jpg
data/images/03_09_2020_1/output_0026/i0000135_s12_m17.jpg
data/images/03_06_2020_0/output_0011/i0001003_s12_m17.jpg
data/images/03_10_2020_1/output_0013/i0000262_s12_m15.jpg
data/images/03_06_2020_0/output_0008/i0000882_s12_m17.jpg
data/images/03_09_2020_1/output_0013/i0000178_s12_m16.jpg
data/images/03_09_2020_1/output_0020/i0000025_s12_m16.jpg
data/images/03_09_2020_1/output_0037/i0000028_s12_m16.jpg
data/images/03_09_2020_1/output_0021/i0000700_s12_m17.jpg
data/images/03_10_2020_1/output_0014/i0000652_s12_m16.jpg
data/images/03_09_2020_1/output_0033/i0000285_s12_m16.jpg
data/images/03_10_2020_1/output_0006/i0000758_s12_m16.jpg
data/images/03_09_2020_1/output_0030/i0000156_s12_m17.jpg
data/images/03_06_2020_0/output_0011/i0000811_s12_m16.jpg
data/images/03_09_2020_1/output_0039/i0000207_s12_m16.jpg
data/images/03_06_2020_0/output_0008/i0000922_s12_m16.jpg
data/images/03_06_2020_0/output_0006/i0000748_s12_m16.jpg
data/images/03_09_2020_1/output_0031/i0000681_s12_m16.jpg
data/images/03_06_2020_0/output_0006/i0000529_s12_m16.jpg
data/images/03_09_2020_1/output_0036/i0000390_s12_m16.jpg
data/images/03_09_2020_1/output_0032/i0000716_s12_m17.jpg
data/images/03_10_2020_1/output_0016/i0000203_s12_m17.jpg
data/images/03_09_2020_1/output_0026/i0000114_s12_m16.jpg
data/images/03_10_2020_1/output_0011/i0000055_s12_m16.jpg
data/images/03_09_2020_1/output_0043/i0000574_s12_m17.jpg
data/images/03_09_2020_1/output_0015/i0000334_s12_m16.jpg
data/images/03_10_2020_1/output_0009/i0000761_s12_m16.jpg
data/images/03_10_2020_1/output_0015/i0000672_s12_m16.jpg
data/images/03_09_2020_1/output_0042/i0000202_s12_m16.jpg
data/images/03_10_2020_1/output_0016/i0000047_s12_m18.jpg
data/images/03_09_2020_1/output_0017/i0000223_s12_m17.jpg
data/images/03_06_2020_0/output_0006/i0000499_s12_m16.jpg
data/images/03_10_2020_1/output_0005/i0000654_s12_m16.jpg
data/images/03_10_2020_1/output_0013/i0000318_s12_m16.jpg
data/images/03_06_2020_0/output_0008/i0000884_s12_m17.jpg
data/images/03_09_2020_1/output_0039/i0000403_s12_m17.jpg
data/images/03_09_2020_1/output_0040/i0000543_s12_m17.jpg
data/images/03_10_2020_1/output_0008/i0000593_s12_m16.jpg
data/images/03_09_2020_1/output_0029/i0000064_s12_m17.jpg
data/images/03_09_2020_1/output_0020/i0000146_s12_m17.jpg
data/images/03_10_2020_1/output_0000/i0000549_s12_m16.jpg
data/images/03_06_2020_0/output_0009/i0001209_s12_m17.jpg
data/images/03_09_2020_1/output_0042/i0000022_s12_m17.jpg
data/images/03_06_2020_0/output_0011/i0001466_s12_m18.jpg
data/images/03_06_2020_0/output_0004/i0000145_s12_m16.jpg
data/images/03_06_2020_0/output_0011/i0000717_s12_m17.jpg
data/images/03_10_2020_1/output_0009/i0000870_s12_m16.jpg
data/images/03_09_2020_1/output_0037/i0000557_s12_m16.jpg
data/images/03_06_2020_0/output_0008/i0000765_s12_m16.jpg
data/images/03_09_2020_1/output_0019/i0000234_s12_m17.jpg
data/images/03_09_2020_1/output_0018/i0000257_s12_m16.jpg
data/images/03_09_2020_1/output_0038/i0000603_s12_m17.jpg
data/images/03_10_2020_1/output_0005/i0000520_s12_m16.jpg
data/images/03_09_2020_1/output_0042/i0000284_s12_m17.jpg
data/images/03_06_2020_0/output_0009/i0000569_s12_m17.jpg
data/images/03_09_2020_1/output_0038/i0000536_s12_m17.jpg
data/images/03_06_2020_0/output_0009/i0001280_s12_m16.jpg
data/images/03_09_2020_1/output_0030/i0000121_s12_m16.jpg
data/images/03_06_2020_0/output_0004/i0001054_s12_m17.jpg
data/images/03_06_2020_0/output_0011/i0001327_s12_m18.jpg
data/images/03_10_2020_1/output_0013/i0000712_s12_m16.jpg
data/images/03_09_2020_1/output_0026/i0000062_s12_m17.jpg
data/images/03_10_2020_1/output_0009/i0000907_s12_m16.jpg
data/images/03_06_2020_0/output_0004/i0000941_s12_m16.jpg
data/images/03_09_2020_1/output_0024/i0000164_s12_m16.jpg
data/images/03_10_2020_1/output_0005/i0000459_s12_m15.jpg
data/images/03_09_2020_1/output_0018/i0000569_s12_m17.jpg
data/images/03_09_2020_1/output_0013/i0000053_s12_m17.jpg
data/images/03_10_2020_1/output_0009/i0000260_s12_m16.jpg
data/images/03_10_2020_1/output_0010/i0000552_s12_m16.jpg
data/images/03_09_2020_1/output_0030/i0000099_s12_m16.jpg
data/images/03_09_2020_1/output_0040/i0000349_s12_m16.jpg
data/images/03_09_2020_1/output_0040/i0000566_s12_m17.jpg
data/images/03_10_2020_1/output_0008/i0000183_s12_m16.jpg
data/images/03_10_2020_1/output_0010/i0000615_s12_m16.jpg
data/images/03_10_2020_1/output_0004/i0000404_s12_m16.jpg
data/images/03_09_2020_1/output_0037/i0000730_s12_m17.jpg
data/images/03_09_2020_1/output_0038/i0000087_s12_m16.jpg
data/images/03_10_2020_1/output_0011/i0000505_s12_m16.jpg
data/images/03_10_2020_1/output_0012/i0000245_s12_m16.jpg
data/images/03_06_2020_0/output_0009/i0000567_s12_m17.jpg
data/images/03_10_2020_1/output_0000/i0000254_s12_m16.jpg
data/images/03_10_2020_1/output_0006/i0000173_s12_m16.jpg
data/images/03_09_2020_1/output_0037/i0000640_s12_m17.jpg
data/images/03_09_2020_1/output_0044/i0000319_s12_m18.jpg
data/images/03_09_2020_1/output_0043/i0000595_s12_m17.jpg
data/images/03_06_2020_0/output_0008/i0000403_s12_m16.jpg
data/images/03_06_2020_0/output_0006/i0001348_s12_m17.jpg
data/images/03_10_2020_1/output_0012/i0000772_s12_m16.jpg
data/images/03_09_2020_1/output_0037/i0000318_s12_m17.jpg
data/images/03_09_2020_1/output_0039/i0000087_s12_m16.jpg
data/images/03_09_2020_1/output_0035/i0000426_s12_m16.jpg
data/images/03_09_2020_1/output_0042/i0000208_s12_m17.jpg
data/images/03_06_2020_0/output_0008/i0001071_s12_m17.jpg
data/images/03_10_2020_1/output_0011/i0000566_s12_m16.jpg
data/images/03_10_2020_1/output_0006/i0000562_s12_m16.jpg
data/images/03_09_2020_1/output_0038/i0000038_s12_m17.jpg
data/images/03_09_2020_1/output_0024/i0000480_s12_m17.jpg
data/images/03_10_2020_1/output_0011/i0000190_s12_m16.jpg
data/images/03_10_2020_1/output_0012/i0000285_s12_m16.jpg
data/images/03_09_2020_1/output_0022/i0000218_s12_m17.jpg
data/images/03_09_2020_1/output_0030/i0000122_s12_m16.jpg
data/images/03_09_2020_1/output_0031/i0000057_s12_m17.jpg
data/images/03_09_2020_1/output_0024/i0000195_s12_m17.jpg
data/images/03_09_2020_1/output_0019/i0000588_s12_m17.jpg
data/images/03_06_2020_0/output_0009/i0000083_s12_m16.jpg
data/images/03_09_2020_1/output_0038/i0000184_s12_m16.jpg
data/images/03_06_2020_0/output_0006/i0001031_s12_m17.jpg
data/images/03_10_2020_1/output_0011/i0001107_s12_m16.jpg
data/images/03_10_2020_1/output_0008/i0000140_s12_m16.jpg
data/images/03_09_2020_1/output_0040/i0000659_s12_m17.jpg
data/images/03_06_2020_0/output_0008/i0000338_s12_m17.jpg
data/images/03_09_2020_1/output_0039/i0000347_s12_m17.jpg
data/images/03_10_2020_1/output_0015/i0000472_s12_m16.jpg
data/images/03_09_2020_1/output_0039/i0000314_s12_m16.jpg
data/images/03_09_2020_1/output_0032/i0000177_s12_m17.jpg
data/images/03_06_2020_0/output_0008/i0000402_s12_m16.jpg
data/images/03_10_2020_1/output_0012/i0000644_s12_m16.jpg
data/images/03_10_2020_1/output_0011/i0000195_s12_m16.jpg
data/images/03_09_2020_1/output_0037/i0000326_s12_m17.jpg
data/images/03_06_2020_0/output_0011/i0000358_s12_m17.jpg
data/images/03_10_2020_1/output_0008/i0000062_s12_m16.jpg
data/images/03_09_2020_1/output_0026/i0000063_s12_m17.jpg
data/images/03_09_2020_1/output_0042/i0000470_s12_m16.jpg
data/images/03_06_2020_0/output_0009/i0000090_s12_m16.jpg
data/images/03_09_2020_1/output_0015/i0000189_s12_m17.jpg
data/images/03_09_2020_1/output_0042/i0000643_s12_m16.jpg
data/images/03_09_2020_1/output_0044/i0000139_s12_m16.jpg
data/images/03_09_2020_1/output_0037/i0000563_s12_m16.jpg
data/images/03_09_2020_1/output_0026/i0000204_s12_m16.jpg
data/images/03_10_2020_1/output_0011/i0000846_s12_m16.jpg
data/images/03_10_2020_1/output_0011/i0000412_s12_m16.jpg
data/images/03_09_2020_1/output_0022/i0000273_s12_m17.jpg
data/images/03_10_2020_1/output_0003/i0000808_s12_m16.jpg
data/images/03_10_2020_1/output_0007/i0000178_s12_m16.jpg
data/images/03_09_2020_1/output_0019/i0000654_s12_m17.jpg
data/images/03_10_2020_1/output_0010/i0000396_s12_m16.jpg
data/images/03_10_2020_1/output_0014/i0000030_s12_m15.jpg
data/images/03_10_2020_1/output_0013/i0000553_s12_m16.jpg
data/images/03_09_2020_1/output_0020/i0000268_s12_m17.jpg
data/images/03_10_2020_1/output_0011/i0000471_s12_m16.jpg
data/images/03_09_2020_1/output_0013/i0000026_s12_m16.jpg
data/images/03_10_2020_1/output_0008/i0000166_s12_m16.jpg
data/images/03_10_2020_1/output_0012/i0000325_s12_m16.jpg
data/images/03_10_2020_1/output_0010/i0000051_s12_m16.jpg
data/images/03_06_2020_0/output_0004/i0000464_s12_m16.jpg
data/images/03_09_2020_1/output_0041/i0000619_s12_m17.jpg
data/images/03_10_2020_1/output_0015/i0000333_s12_m16.jpg
data/images/03_10_2020_1/output_0015/i0000853_s12_m16.jpg
data/images/03_09_2020_1/output_0042/i0000341_s12_m17.jpg
data/images/03_09_2020_1/output_0013/i0000264_s12_m17.jpg
data/images/03_06_2020_0/output_0004/i0000525_s12_m16.jpg
data/images/03_06_2020_0/output_0009/i0000380_s12_m16.jpg
data/images/03_10_2020_1/output_0003/i0000322_s12_m15.jpg
data/images/03_09_2020_1/output_0015/i0000538_s12_m17.jpg
data/images/03_10_2020_1/output_0012/i0000915_s12_m16.jpg
data/images/03_09_2020_1/output_0043/i0000676_s12_m17.jpg
data/images/03_10_2020_1/output_0010/i0000923_s12_m16.jpg
data/images/03_10_2020_1/output_0015/i0000942_s12_m17.jpg
data/images/03_09_2020_1/output_0044/i0000329_s12_m18.jpg
data/images/03_10_2020_1/output_0009/i0000546_s12_m16.jpg
data/images/03_10_2020_1/output_0003/i0000725_s12_m16.jpg
data/images/03_10_2020_1/output_0004/i0000400_s12_m16.jpg
data/images/03_10_2020_1/output_0013/i0000171_s12_m16.jpg
data/images/03_10_2020_1/output_0005/i0000465_s12_m16.jpg
data/images/03_10_2020_1/output_0006/i0000167_s12_m16.jpg
data/images/03_10_2020_1/output_0008/i0000538_s12_m16.jpg
data/images/03_09_2020_1/output_0044/i0000035_s12_m17.jpg
data/images/03_10_2020_1/output_0000/i0000068_s12_m16.jpg
data/images/03_10_2020_1/output_0003/i0000400_s12_m16.jpg
data/images/03_06_2020_0/output_0004/i0000694_s12_m16.jpg
data/images/03_06_2020_0/output_0006/i0000530_s12_m16.jpg
data/images/03_09_2020_1/output_0042/i0000529_s12_m17.jpg
data/images/03_10_2020_1/output_0009/i0000665_s12_m16.jpg
data/images/03_09_2020_1/output_0021/i0000171_s12_m16.jpg
data/images/03_09_2020_1/output_0040/i0000625_s12_m17.jpg
data/images/03_09_2020_1/output_0023/i0000112_s12_m17.jpg
data/images/03_09_2020_1/output_0040/i0000446_s12_m16.jpg
data/images/03_09_2020_1/output_0040/i0000588_s12_m17.jpg
data/images/03_09_2020_1/output_0017/i0000284_s12_m17.jpg
data/images/03_10_2020_1/output_0007/i0000642_s12_m16.jpg
data/images/03_10_2020_1/output_0007/i0000465_s12_m16.jpg
data/images/03_10_2020_1/output_0004/i0000805_s12_m15.jpg
data/images/03_09_2020_1/output_0039/i0000423_s12_m17.jpg
data/images/03_09_2020_1/output_0043/i0000173_s12_m17.jpg
data/images/03_09_2020_1/output_0042/i0000559_s12_m17.jpg
data/images/03_09_2020_1/output_0032/i0000517_s12_m16.jpg
data/images/03_09_2020_1/output_0026/i0000063_s12_m17.jpg
data/images/03_10_2020_1/output_0011/i0000314_s12_m16.jpg
data/images/03_09_2020_1/output_0030/i0000300_s12_m16.jpg
data/images/03_10_2020_1/output_0007/i0000839_s12_m16.jpg
data/images/03_10_2020_1/output_0012/i0000699_s12_m16.jpg
data/images/03_10_2020_1/output_0005/i0000602_s12_m16.jpg
data/images/03_09_2020_1/output_0035/i0000155_s12_m17.jpg
data/images/03_10_2020_1/output_0001/i0000397_s12_m16.jpg
data/images/03_10_2020_1/output_0013/i0000030_s12_m16.jpg
data/images/03_10_2020_1/output_0000/i0000321_s12_m16.jpg
data/images/03_09_2020_1/output_0042/i0000052_s12_m17.jpg
data/images/03_10_2020_1/output_0009/i0000719_s12_m16.jpg
data/images/03_09_2020_1/output_0022/i0000212_s12_m17.jpg
data/images/03_09_2020_1/output_0043/i0000210_s12_m17.jpg
data/images/03_09_2020_1/output_0030/i0000210_s12_m17.jpg
data/images/03_09_2020_1/output_0033/i0000605_s12_m16.jpg
data/images/03_09_2020_1/output_0029/i0000135_s12_m17.jpg
data/images/03_10_2020_1/output_0005/i0000891_s12_m15.jpg
data/images/03_06_2020_0/output_0011/i0000202_s12_m17.jpg
data/images/03_09_2020_1/output_0042/i0000297_s12_m16.jpg
data/images/03_09_2020_1/output_0018/i0000102_s12_m17.jpg
data/images/03_09_2020_1/output_0031/i0000333_s12_m16.jpg
data/images/03_10_2020_1/output_0012/i0000598_s12_m16.jpg
data/images/03_09_2020_1/output_0032/i0000914_s12_m17.jpg
data/images/03_09_2020_1/output_0029/i0000665_s12_m16.jpg
data/images/03_09_2020_1/output_0039/i0000627_s12_m17.jpg
data/images/03_09_2020_1/output_0020/i0000702_s12_m17.jpg
data/images/03_10_2020_1/output_0013/i0000890_s12_m16.jpg
data/images/03_09_2020_1/output_0030/i0000110_s12_m16.jpg
data/images/03_10_2020_1/output_0006/i0000678_s12_m16.jpg
data/images/03_06_2020_0/output_0011/i0000695_s12_m17.jpg
data/images/03_06_2020_0/output_0008/i0000465_s12_m17.jpg
data/images/03_09_2020_1/output_0042/i0000720_s12_m17.jpg
data/images/03_06_2020_0/output_0008/i0001462_s12_m17.jpg
data/images/03_10_2020_1/output_0000/i0000400_s12_m16.jpg
data/images/03_10_2020_1/output_0007/i0000414_s12_m16.jpg
data/images/03_10_2020_1/output_0010/i0000130_s12_m16.jpg
data/images/03_10_2020_1/output_0004/i0000405_s12_m16.jpg
data/images/03_06_2020_0/output_0011/i0000749_s12_m17.jpg
data/images/03_06_2020_0/output_0011/i0000696_s12_m17.jpg
data/images/03_09_2020_1/output_0033/i0000046_s12_m17.jpg
data/images/03_10_2020_1/output_0015/i0000160_s12_m16.jpg
data/images/03_09_2020_1/output_0044/i0000182_s12_m18.jpg
data/images/03_09_2020_1/output_0023/i0000102_s12_m16.jpg
data/images/03_09_2020_1/output_0019/i0000172_s12_m16.jpg
data/images/03_09_2020_1/output_0030/i0000064_s12_m17.jpg
data/images/03_09_2020_1/output_0023/i0000561_s12_m16.jpg
data/images/03_10_2020_1/output_0001/i0000355_s12_m16.jpg
data/images/03_09_2020_1/output_0033/i0000011_s12_m15.jpg
data/images/03_09_2020_1/output_0035/i0000543_s12_m16.jpg
data/images/03_06_2020_0/output_0006/i0000210_s12_m16.jpg
data/images/03_06_2020_0/output_0011/i0000985_s12_m16.jpg
data/images/03_09_2020_1/output_0031/i0000872_s12_m16.jpg
data/images/03_06_2020_0/output_0004/i0000913_s12_m16.jpg
data/images/03_09_2020_1/output_0029/i0000817_s12_m17.jpg
data/images/03_09_2020_1/output_0036/i0000471_s12_m16.jpg
data/images/03_09_2020_1/output_0036/i0000305_s12_m16.jpg
data/images/03_06_2020_0/output_0004/i0000557_s12_m16.jpg
data/images/03_09_2020_1/output_0020/i0000229_s12_m17.jpg
data/images/03_10_2020_1/output_0015/i0000597_s12_m16.jpg
data/images/03_09_2020_1/output_0036/i0000612_s12_m16.jpg
data/images/03_09_2020_1/output_0022/i0000658_s12_m16.jpg
data/images/03_10_2020_1/output_0013/i0000856_s12_m16.jpg
data/images/03_09_2020_1/output_0023/i0000402_s12_m16.jpg
data/images/03_09_2020_1/output_0019/i0000660_s12_m17.jpg
data/images/03_06_2020_0/output_0006/i0000596_s12_m16.jpg
data/images/03_10_2020_1/output_0003/i0000540_s12_m16.jpg
data/images/03_09_2020_1/output_0034/i0000094_s12_m16.jpg
data/images/03_09_2020_1/output_0041/i0000327_s12_m17.jpg
data/images/03_09_2020_1/output_0043/i0000697_s12_m17.jpg
data/images/03_09_2020_1/output_0036/i0000271_s12_m16.jpg
data/images/03_10_2020_1/output_0007/i0000412_s12_m16.jpg
data/images/03_10_2020_1/output_0001/i0000331_s12_m16.jpg
data/images/03_09_2020_1/output_0016/i0000482_s12_m16.jpg
data/images/03_10_2020_1/output_0005/i0000084_s12_m15.jpg
data/images/03_09_2020_1/output_0034/i0000053_s12_m16.jpg
data/images/03_10_2020_1/output_0010/i0000681_s12_m16.jpg
data/images/03_06_2020_0/output_0008/i0000292_s12_m17.jpg
data/images/03_10_2020_1/output_0003/i0000810_s12_m16.jpg
data/images/03_09_2020_1/output_0022/i0000106_s12_m17.jpg
data/images/03_10_2020_1/output_0004/i0000744_s12_m16.jpg
data/images/03_10_2020_1/output_0008/i0000910_s12_m16.jpg
data/images/03_09_2020_1/output_0034/i0000021_s12_m16.jpg
data/images/03_09_2020_1/output_0043/i0000023_s12_m16.jpg
data/images/03_10_2020_1/output_0013/i0000589_s12_m16.jpg
data/images/03_06_2020_0/output_0004/i0000859_s12_m16.jpg
data/images/03_09_2020_1/output_0034/i0000197_s12_m16.jpg
data/images/03_09_2020_1/output_0031/i0000586_s12_m17.jpg
data/images/03_09_2020_1/output_0018/i0000386_s12_m16.jpg
data/images/03_10_2020_1/output_0016/i0000103_s12_m18.jpg
data/images/03_09_2020_1/output_0035/i0000521_s12_m16.jpg
data/images/03_10_2020_1/output_0012/i0000731_s12_m16.jpg
data/images/03_09_2020_1/output_0031/i0000336_s12_m16.jpg
data/images/03_10_2020_1/output_0009/i0000237_s12_m16.jpg
data/images/03_06_2020_0/output_0006/i0000592_s12_m17.jpg
data/images/03_09_2020_1/output_0024/i0000016_s12_m15.jpg
data/images/03_09_2020_1/output_0034/i0000020_s12_m16.jpg
data/images/03_09_2020_1/output_0013/i0000293_s12_m16.jpg
data/images/03_09_2020_1/output_0043/i0000665_s12_m17.jpg
data/images/03_09_2020_1/output_0022/i0000249_s12_m17.jpg
data/images/03_06_2020_0/output_0008/i0001186_s12_m16.jpg
data/images/03_10_2020_1/output_0009/i0000067_s12_m16.jpg
data/images/03_10_2020_1/output_0011/i0001032_s12_m16.jpg
data/images/03_10_2020_1/output_0000/i0000717_s12_m16.jpg
data/images/03_10_2020_1/output_0013/i0000165_s12_m16.jpg
data/images/03_10_2020_1/output_0004/i0000452_s12_m16.jpg
data/images/03_06_2020_0/output_0004/i0000301_s12_m17.jpg
data/images/03_09_2020_1/output_0023/i0000306_s12_m16.jpg
data/images/03_09_2020_1/output_0032/i0000108_s12_m16.jpg
data/images/03_09_2020_1/output_0040/i0000575_s12_m17.jpg
data/images/03_06_2020_0/output_0004/i0000934_s12_m16.jpg
data/images/03_09_2020_1/output_0038/i0000671_s12_m16.jpg
data/images/03_09_2020_1/output_0026/i0000253_s12_m17.jpg
data/images/03_06_2020_0/output_0006/i0001363_s12_m17.jpg
data/images/03_09_2020_1/output_0020/i0000341_s12_m17.jpg
data/images/03_06_2020_0/output_0008/i0000193_s12_m17.jpg
data/images/03_09_2020_1/output_0026/i0000498_s12_m17.jpg
data/images/03_09_2020_1/output_0031/i0000726_s12_m17.jpg
data/images/03_09_2020_1/output_0022/i0000678_s12_m16.jpg
data/images/03_09_2020_1/output_0032/i0000890_s12_m17.jpg
data/images/03_10_2020_1/output_0010/i0000050_s12_m16.jpg
data/images/03_09_2020_1/output_0042/i0000282_s12_m17.jpg
data/images/03_09_2020_1/output_0039/i0000391_s12_m17.jpg
data/images/03_10_2020_1/output_0001/i0000095_s12_m16.jpg
data/images/03_09_2020_1/output_0042/i0000719_s12_m17.jpg
data/images/03_09_2020_1/output_0032/i0000174_s12_m17.jpg
data/images/03_10_2020_1/output_0004/i0000599_s12_m15.jpg
data/images/03_10_2020_1/output_0008/i0000436_s12_m16.jpg
data/images/03_06_2020_0/output_0011/i0000560_s12_m17.jpg
data/images/03_06_2020_0/output_0008/i0000277_s12_m17.jpg
data/images/03_10_2020_1/output_0015/i0000547_s12_m16.jpg
data/images/03_06_2020_0/output_0011/i0000783_s12_m16.jpg
data/images/03_10_2020_1/output_0014/i0000410_s12_m15.jpg
data/images/03_09_2020_1/output_0017/i0000079_s12_m17.jpg
data/images/03_09_2020_1/output_0029/i0000378_s12_m16.jpg
data/images/03_10_2020_1/output_0015/i0000644_s12_m16.jpg
data/images/03_06_2020_0/output_0009/i0001217_s12_m17.jpg
data/images/03_06_2020_0/output_0008/i0000284_s12_m17.jpg
data/images/03_09_2020_1/output_0042/i0000637_s12_m16.jpg
data/images/03_09_2020_1/output_0037/i0000522_s12_m16.jpg
data/images/03_09_2020_1/output_0031/i0000043_s12_m17.jpg
data/images/03_10_2020_1/output_0012/i0000681_s12_m16.jpg
data/images/03_10_2020_1/output_0011/i0000774_s12_m16.jpg
data/images/03_10_2020_1/output_0013/i0000212_s12_m16.jpg
data/images/03_06_2020_0/output_0008/i0001474_s12_m17.jpg
data/images/03_10_2020_1/output_0015/i0000625_s12_m16.jpg
data/images/03_10_2020_1/output_0000/i0000354_s12_m16.jpg
data/images/03_10_2020_1/output_0010/i0001050_s12_m16.jpg
data/images/03_09_2020_1/output_0042/i0000799_s12_m16.jpg
data/images/03_09_2020_1/output_0036/i0000196_s12_m17.jpg
data/images/03_09_2020_1/output_0036/i0000354_s12_m16.jpg
data/images/03_09_2020_1/output_0041/i0000472_s12_m17.jpg
data/images/03_09_2020_1/output_0019/i0000547_s12_m17.jpg
data/images/03_09_2020_1/output_0044/i0000079_s12_m17.jpg
data/images/03_09_2020_1/output_0030/i0000924_s12_m17.jpg
data/images/03_10_2020_1/output_0011/i0000967_s12_m16.jpg
data/images/03_10_2020_1/output_0008/i0000389_s12_m16.jpg
data/images/03_10_2020_1/output_0010/i0000677_s12_m16.jpg
data/images/03_10_2020_1/output_0013/i0000095_s12_m16.jpg
data/images/03_10_2020_1/output_0008/i0000983_s12_m16.jpg
data/images/03_09_2020_1/output_0015/i0000165_s12_m16.jpg
data/images/03_10_2020_1/output_0015/i0000943_s12_m17.jpg
data/images/03_09_2020_1/output_0024/i0000345_s12_m17.jpg
data/images/03_06_2020_0/output_0004/i0000115_s12_m16.jpg
data/images/03_10_2020_1/output_0010/i0000993_s12_m16.jpg
data/images/03_10_2020_1/output_0004/i0000426_s12_m16.jpg
data/images/03_09_2020_1/output_0040/i0000652_s12_m17.jpg
data/images/03_09_2020_1/output_0038/i0000375_s12_m17.jpg
data/images/03_10_2020_1/output_0016/i0000284_s12_m18.jpg
data/images/03_10_2020_1/output_0014/i0000368_s12_m16.jpg
data/images/03_09_2020_1/output_0038/i0000476_s12_m17.jpg
data/images/03_06_2020_0/output_0004/i0000113_s12_m16.jpg
data/images/03_10_2020_1/output_0011/i0000390_s12_m16.jpg
data/images/03_09_2020_1/output_0030/i0000636_s12_m17.jpg
data/images/03_10_2020_1/output_0007/i0000606_s12_m16.jpg
data/images/03_09_2020_1/output_0029/i0000349_s12_m16.jpg
data/images/03_10_2020_1/output_0006/i0000202_s12_m16.jpg
data/images/03_10_2020_1/output_0003/i0000906_s12_m16.jpg
data/images/03_06_2020_0/output_0009/i0000071_s12_m17.jpg
data/images/03_10_2020_1/output_0002/i0000174_s12_m16.jpg
data/images/03_10_2020_1/output_0005/i0000206_s12_m16.jpg
data/images/03_10_2020_1/output_0000/i0000181_s12_m16.jpg
data/images/03_09_2020_1/output_0023/i0000170_s12_m17.jpg
data/images/03_09_2020_1/output_0032/i0000822_s12_m17.jpg
data/images/03_09_2020_1/output_0024/i0000428_s12_m17.jpg
data/images/03_10_2020_1/output_0003/i0000401_s12_m16.jpg
data/images/03_06_2020_0/output_0006/i0001138_s12_m16.jpg
data/images/03_10_2020_1/output_0011/i0000360_s12_m16.jpg
data/images/03_09_2020_1/output_0018/i0000683_s12_m16.jpg
data/images/03_10_2020_1/output_0011/i0000728_s12_m16.jpg
data/images/03_09_2020_1/output_0013/i0000103_s12_m17.jpg
data/images/03_09_2020_1/output_0024/i0000720_s12_m17.jpg
data/images/03_09_2020_1/output_0042/i0000262_s12_m17.jpg
data/images/03_10_2020_1/output_0003/i0000859_s12_m16.jpg
data/images/03_10_2020_1/output_0011/i0000887_s12_m16.jpg
data/images/03_10_2020_1/output_0007/i0000015_s12_m17.jpg
data/images/03_09_2020_1/output_0019/i0000305_s12_m16.jpg
data/images/03_10_2020_1/output_0008/i0000018_s12_m15.jpg
data/images/03_09_2020_1/output_0038/i0000173_s12_m16.jpg
data/images/03_09_2020_1/output_0036/i0000177_s12_m17.jpg
data/images/03_09_2020_1/output_0021/i0000649_s12_m17.jpg
data/images/03_09_2020_1/output_0013/i0000143_s12_m16.jpg
data/images/03_10_2020_1/output_0008/i0000697_s12_m16.jpg
data/images/03_10_2020_1/output_0011/i0000419_s12_m16.jpg
data/images/03_09_2020_1/output_0042/i0000722_s12_m17.jpg
data/images/03_10_2020_1/output_0015/i0000476_s12_m16.jpg
data/images/03_06_2020_0/output_0006/i0001054_s12_m17.jpg
data/images/03_10_2020_1/output_0004/i0000502_s12_m16.jpg
data/images/03_09_2020_1/output_0032/i0000615_s12_m17.jpg
data/images/03_09_2020_1/output_0021/i0000686_s12_m17.jpg
data/images/03_09_2020_1/output_0026/i0000584_s12_m17.jpg
data/images/03_06_2020_0/output_0008/i0001423_s12_m17.jpg
data/images/03_10_2020_1/output_0000/i0000285_s12_m16.jpg
data/images/03_06_2020_0/output_0006/i0001196_s12_m17.jpg
data/images/03_06_2020_0/output_0011/i0000536_s12_m16.jpg
data/images/03_06_2020_0/output_0004/i0000940_s12_m16.jpg
data/images/03_06_2020_0/output_0006/i0000201_s12_m16.jpg
data/images/03_09_2020_1/output_0034/i0000115_s12_m16.jpg
data/images/03_09_2020_1/output_0041/i0000407_s12_m17.jpg
data/images/03_09_2020_1/output_0023/i0000356_s12_m16.jpg
data/images/03_09_2020_1/output_0034/i0000142_s12_m16.jpg
data/images/03_09_2020_1/output_0032/i0000142_s12_m17.jpg
data/images/03_09_2020_1/output_0043/i0000071_s12_m17.jpg
data/images/03_09_2020_1/output_0036/i0000620_s12_m17.jpg
data/images/03_10_2020_1/output_0015/i0000740_s12_m16.jpg
data/images/03_09_2020_1/output_0033/i0000141_s12_m16.jpg
data/images/03_06_2020_0/output_0004/i0000424_s12_m16.jpg
data/images/03_06_2020_0/output_0004/i0001024_s12_m16.jpg
data/images/03_10_2020_1/output_0016/i0000102_s12_m18.jpg
data/images/03_09_2020_1/output_0041/i0000132_s12_m17.jpg
data/images/03_09_2020_1/output_0033/i0000095_s12_m16.jpg
data/images/03_09_2020_1/output_0021/i0000316_s12_m17.jpg
data/images/03_06_2020_0/output_0011/i0000347_s12_m17.jpg
data/images/03_09_2020_1/output_0029/i0000391_s12_m16.jpg
data/images/03_09_2020_1/output_0042/i0000037_s12_m16.jpg
data/images/03_10_2020_1/output_0016/i0000347_s12_m18.jpg
data/images/03_10_2020_1/output_0011/i0000241_s12_m16.jpg
data/images/03_10_2020_1/output_0014/i0000071_s12_m16.jpg
data/images/03_10_2020_1/output_0008/i0000328_s12_m16.jpg
data/images/03_10_2020_1/output_0012/i0000131_s12_m16.jpg
data/images/03_09_2020_1/output_0030/i0000733_s12_m16.jpg
data/images/03_09_2020_1/output_0014/i0000211_s12_m17.jpg
data/images/03_09_2020_1/output_0015/i0000025_s12_m17.jpg
data/images/03_06_2020_0/output_0011/i0000316_s12_m17.jpg
data/images/03_09_2020_1/output_0022/i0000305_s12_m17.jpg
data/images/03_06_2020_0/output_0011/i0000649_s12_m17.jpg
data/images/03_09_2020_1/output_0041/i0000697_s12_m16.jpg
data/images/03_10_2020_1/output_0009/i0000871_s12_m16.jpg
data/images/03_09_2020_1/output_0023/i0000453_s12_m16.jpg
data/images/03_10_2020_1/output_0008/i0000064_s12_m16.jpg
data/images/03_10_2020_1/output_0001/i0000282_s12_m16.jpg
data/images/03_10_2020_1/output_0008/i0000292_s12_m16.jpg
data/images/03_10_2020_1/output_0006/i0000198_s12_m16.jpg
data/images/03_09_2020_1/output_0026/i0000079_s12_m16.jpg
data/images/03_09_2020_1/output_0042/i0000471_s12_m16.jpg
data/images/03_10_2020_1/output_0007/i0000544_s12_m16.jpg
data/images/03_10_2020_1/output_0009/i0000222_s12_m16.jpg
data/images/03_10_2020_1/output_0015/i0000565_s12_m16.jpg
data/images/03_09_2020_1/output_0032/i0000467_s12_m17.jpg
data/images/03_06_2020_0/output_0011/i0000794_s12_m16.jpg
data/images/03_10_2020_1/output_0008/i0000123_s12_m16.jpg
data/images/03_10_2020_1/output_0003/i0000815_s12_m16.jpg
data/images/03_09_2020_1/output_0029/i0000762_s12_m17.jpg
data/images/03_10_2020_1/output_0013/i0000541_s12_m16.jpg
data/images/03_06_2020_0/output_0009/i0000666_s12_m17.jpg
data/images/03_09_2020_1/output_0030/i0000455_s12_m16.jpg
data/images/03_09_2020_1/output_0026/i0000129_s12_m17.jpg
data/images/03_10_2020_1/output_0005/i0000066_s12_m15.jpg
data/images/03_06_2020_0/output_0008/i0001494_s12_m17.jpg
data/images/03_09_2020_1/output_0040/i0000202_s12_m16.jpg
data/images/03_09_2020_1/output_0040/i0000695_s12_m17.jpg
data/images/03_09_2020_1/output_0031/i0000279_s12_m17.jpg
data/images/03_09_2020_1/output_0041/i0000264_s12_m17.jpg
data/images/03_09_2020_1/output_0039/i0000530_s12_m16.jpg
data/images/03_09_2020_1/output_0027/i0000101_s12_m18.jpg
data/images/03_09_2020_1/output_0018/i0000283_s12_m16.jpg
data/images/03_10_2020_1/output_0000/i0000069_s12_m16.jpg
data/images/03_09_2020_1/output_0036/i0000449_s12_m16.jpg
data/images/03_10_2020_1/output_0012/i0000339_s12_m16.jpg
data/images/03_09_2020_1/output_0036/i0000353_s12_m16.jpg
data/images/03_10_2020_1/output_0006/i0000283_s12_m16.jpg
data/images/03_10_2020_1/output_0011/i0001086_s12_m16.jpg
data/images/03_10_2020_1/output_0006/i0000211_s12_m16.jpg
data/images/03_09_2020_1/output_0030/i0000316_s12_m16.jpg
data/images/03_06_2020_0/output_0006/i0000160_s12_m17.jpg
data/images/03_09_2020_1/output_0036/i0000634_s12_m16.jpg
data/images/03_09_2020_1/output_0037/i0000754_s12_m17.jpg
data/images/03_09_2020_1/output_0044/i0000360_s12_m18.jpg
data/images/03_09_2020_1/output_0021/i0000631_s12_m17.jpg
data/images/03_09_2020_1/output_0043/i0000394_s12_m17.jpg
data/images/03_10_2020_1/output_0007/i0000222_s12_m16.jpg
data/images/03_09_2020_1/output_0035/i0000177_s12_m17.jpg
data/images/03_10_2020_1/output_0009/i0000239_s12_m16.jpg
data/images/03_09_2020_1/output_0043/i0000243_s12_m17.jpg
data/images/03_09_2020_1/output_0021/i0000216_s12_m16.jpg
data/images/03_09_2020_1/output_0033/i0000403_s12_m16.jpg
data/images/03_06_2020_0/output_0006/i0000302_s12_m17.jpg
data/images/03_10_2020_1/output_0003/i0000650_s12_m16.jpg
data/images/03_10_2020_1/output_0004/i0000929_s12_m16.jpg
data/images/03_09_2020_1/output_0026/i0000262_s12_m17.jpg
data/images/03_09_2020_1/output_0039/i0000137_s12_m16.jpg
data/images/03_10_2020_1/output_0012/i0000891_s12_m16.jpg
data/images/03_10_2020_1/output_0009/i0000530_s12_m16.jpg
data/images/03_09_2020_1/output_0039/i0000384_s12_m17.jpg
data/images/03_09_2020_1/output_0031/i0000711_s12_m17.jpg
data/images/03_10_2020_1/output_0003/i0000705_s12_m16.jpg
data/images/03_10_2020_1/output_0009/i0000759_s12_m16.jpg
data/images/03_09_2020_1/output_0036/i0000250_s12_m17.jpg
data/images/03_06_2020_0/output_0008/i0000699_s12_m16.jpg
data/images/03_10_2020_1/output_0014/i0000896_s12_m16.jpg
data/images/03_09_2020_1/output_0024/i0000507_s12_m17.jpg
data/images/03_06_2020_0/output_0006/i0000442_s12_m16.jpg
data/images/03_09_2020_1/output_0033/i0000267_s12_m16.jpg
data/images/03_09_2020_1/output_0040/i0000593_s12_m17.jpg
data/images/03_09_2020_1/output_0043/i0000541_s12_m17.jpg
data/images/03_10_2020_1/output_0014/i0000601_s12_m16.jpg
data/images/03_09_2020_1/output_0041/i0000490_s12_m17.jpg
data/images/03_10_2020_1/output_0009/i0000632_s12_m16.jpg
data/images/03_09_2020_1/output_0026/i0000575_s12_m17.jpg
data/images/03_09_2020_1/output_0039/i0000069_s12_m16.jpg
data/images/03_10_2020_1/output_0007/i0000198_s12_m16.jpg
data/images/03_09_2020_1/output_0036/i0000306_s12_m16.jpg
data/images/03_09_2020_1/output_0033/i0000404_s12_m16.jpg
data/images/03_09_2020_1/output_0022/i0000155_s12_m16.jpg
data/images/03_06_2020_0/output_0011/i0000655_s12_m17.jpg
data/images/03_09_2020_1/output_0039/i0000086_s12_m16.jpg
data/images/03_09_2020_1/output_0043/i0000036_s12_m16.jpg
data/images/03_10_2020_1/output_0016/i0000291_s12_m18.jpg
data/images/03_06_2020_0/output_0011/i0000234_s12_m17.jpg
data/images/03_10_2020_1/output_0014/i0000217_s12_m16.jpg
data/images/03_10_2020_1/output_0009/i0000461_s12_m16.jpg
data/images/03_06_2020_0/output_0011/i0000541_s12_m16.jpg
data/images/03_10_2020_1/output_0015/i0000501_s12_m16.jpg
data/images/03_10_2020_1/output_0000/i0000182_s12_m16.jpg
data/images/03_09_2020_1/output_0022/i0000530_s12_m16.jpg
data/images/03_06_2020_0/output_0008/i0001086_s12_m17.jpg
data/images/03_10_2020_1/output_0004/i0000641_s12_m16.jpg
data/images/03_09_2020_1/output_0041/i0000438_s12_m17.jpg
data/images/03_06_2020_0/output_0004/i0000848_s12_m16.jpg
data/images/03_09_2020_1/output_0042/i0000343_s12_m17.jpg
data/images/03_09_2020_1/output_0013/i0000223_s12_m16.jpg
data/images/03_09_2020_1/output_0018/i0000347_s12_m17.jpg
data/images/03_09_2020_1/output_0033/i0000648_s12_m16.jpg
data/images/03_09_2020_1/output_0021/i0000532_s12_m17.jpg
data/images/03_09_2020_1/output_0026/i0000593_s12_m17.jpg
data/images/03_09_2020_1/output_0032/i0000434_s12_m17.jpg
data/images/03_09_2020_1/output_0024/i0000717_s12_m17.jpg
data/images/03_06_2020_0/output_0009/i0000664_s12_m17.jpg
data/images/03_09_2020_1/output_0040/i0000612_s12_m17.jpg
data/images/03_10_2020_1/output_0008/i0000458_s12_m16.jpg
data/images/03_10_2020_1/output_0000/i0000352_s12_m16.jpg
data/images/03_10_2020_1/output_0006/i0000150_s12_m16.jpg
data/images/03_09_2020_1/output_0040/i0000387_s12_m16.jpg
data/images/03_09_2020_1/output_0036/i0000338_s12_m16.jpg
data/images/03_10_2020_1/output_0014/i0000335_s12_m16.jpg
data/images/03_09_2020_1/output_0030/i0000150_s12_m17.jpg
data/images/03_10_2020_1/output_0004/i0000807_s12_m15.jpg
data/images/03_06_2020_0/output_0006/i0000066_s12_m17.jpg
data/images/03_09_2020_1/output_0036/i0000272_s12_m16.jpg
data/images/03_09_2020_1/output_0023/i0000156_s12_m15.jpg
data/images/03_09_2020_1/output_0042/i0000398_s12_m17.jpg
data/images/03_09_2020_1/output_0020/i0000514_s12_m17.jpg
data/images/03_06_2020_0/output_0008/i0000863_s12_m16.jpg
data/images/03_09_2020_1/output_0026/i0000583_s12_m17.jpg
data/images/03_09_2020_1/output_0018/i0000322_s12_m16.jpg
data/images/03_10_2020_1/output_0008/i0000291_s12_m16.jpg
data/images/03_06_2020_0/output_0006/i0000849_s12_m16.jpg
data/images/03_10_2020_1/output_0000/i0000313_s12_m16.jpg
data/images/03_10_2020_1/output_0016/i0000051_s12_m18.jpg
data/images/03_10_2020_1/output_0007/i0000107_s12_m16.jpg
data/images/03_09_2020_1/output_0037/i0000643_s12_m17.jpg
data/images/03_09_2020_1/output_0031/i0000672_s12_m16.jpg
data/images/03_06_2020_0/output_0004/i0000376_s12_m16.jpg
data/images/03_10_2020_1/output_0016/i0000350_s12_m18.jpg
data/images/03_10_2020_1/output_0005/i0000100_s12_m16.jpg
data/images/03_10_2020_1/output_0006/i0000276_s12_m16.jpg
data/images/03_10_2020_1/output_0014/i0000100_s12_m16.jpg
data/images/03_09_2020_1/output_0018/i0000566_s12_m17.jpg
data/images/03_10_2020_1/output_0014/i0000502_s12_m16.jpg
data/images/03_09_2020_1/output_0040/i0000316_s12_m16.jpg
data/images/03_09_2020_1/output_0043/i0000151_s12_m16.jpg
data/images/03_09_2020_1/output_0017/i0000032_s12_m16.jpg
data/images/03_10_2020_1/output_0008/i0000330_s12_m16.jpg
data/images/03_09_2020_1/output_0038/i0000283_s12_m17.jpg
data/images/03_10_2020_1/output_0013/i0000633_s12_m16.jpg
data/images/03_06_2020_0/output_0011/i0000216_s12_m16.jpg
data/images/03_09_2020_1/output_0029/i0000612_s12_m16.jpg
data/images/03_06_2020_0/output_0004/i0001095_s12_m17.jpg
data/images/03_10_2020_1/output_0005/i0000301_s12_m16.jpg
data/images/03_09_2020_1/output_0021/i0000401_s12_m17.jpg
data/images/03_06_2020_0/output_0011/i0000972_s12_m16.jpg
data/images/03_10_2020_1/output_0011/i0000775_s12_m16.jpg
data/images/03_10_2020_1/output_0006/i0000798_s12_m16.jpg
data/images/03_09_2020_1/output_0040/i0000385_s12_m16.jpg
data/images/03_10_2020_1/output_0006/i0000166_s12_m16.jpg
data/images/03_09_2020_1/output_0039/i0000313_s12_m16.jpg
data/images/03_09_2020_1/output_0021/i0000109_s12_m17.jpg
data/images/03_10_2020_1/output_0013/i0000364_s12_m16.jpg
data/images/03_09_2020_1/output_0042/i0000744_s12_m17.jpg
data/images/03_10_2020_1/output_0001/i0000240_s12_m16.jpg
data/images/03_10_2020_1/output_0010/i0000652_s12_m16.jpg
data/images/03_10_2020_1/output_0003/i0000875_s12_m16.jpg
data/images/03_10_2020_1/output_0006/i0000762_s12_m16.jpg
data/images/03_09_2020_1/output_0019/i0000230_s12_m16.jpg
data/images/03_09_2020_1/output_0031/i0000675_s12_m16.jpg
data/images/03_09_2020_1/output_0044/i0000034_s12_m17.jpg
data/images/03_10_2020_1/output_0003/i0000827_s12_m16.jpg
data/images/03_09_2020_1/output_0041/i0000218_s12_m16.jpg
data/images/03_06_2020_0/output_0006/i0001238_s12_m16.jpg
data/images/03_10_2020_1/output_0005/i0000090_s12_m16.jpg
data/images/03_09_2020_1/output_0026/i0000279_s12_m17.jpg
data/images/03_06_2020_0/output_0009/i0000774_s12_m17.jpg
data/images/03_10_2020_1/output_0011/i0000425_s12_m16.jpg
data/images/03_10_2020_1/output_0011/i0000082_s12_m16.jpg
data/images/03_06_2020_0/output_0008/i0000448_s12_m17.jpg
data/images/03_09_2020_1/output_0032/i0000364_s12_m17.jpg
data/images/03_09_2020_1/output_0039/i0000120_s12_m16.jpg
data/images/03_10_2020_1/output_0004/i0000529_s12_m16.jpg
data/images/03_09_2020_1/output_0043/i0000712_s12_m17.jpg
data/images/03_06_2020_0/output_0004/i0000724_s12_m16.jpg
data/images/03_09_2020_1/output_0026/i0000398_s12_m17.jpg
data/images/03_10_2020_1/output_0015/i0000485_s12_m16.jpg
data/images/03_09_2020_1/output_0024/i0000323_s12_m17.jpg
data/images/03_10_2020_1/output_0006/i0000600_s12_m16.jpg
data/images/03_09_2020_1/output_0042/i0000220_s12_m17.jpg
data/images/03_09_2020_1/output_0023/i0000355_s12_m16.jpg
data/images/03_10_2020_1/output_0013/i0000509_s12_m16.jpg
data/images/03_09_2020_1/output_0039/i0000473_s12_m17.jpg
data/images/03_10_2020_1/output_0011/i0000290_s12_m16.jpg
data/images/03_10_2020_1/output_0003/i0000694_s12_m16.jpg
data/images/03_10_2020_1/output_0015/i0000165_s12_m16.jpg
data/images/03_09_2020_1/output_0040/i0000128_s12_m17.jpg
data/images/03_09_2020_1/output_0039/i0000387_s12_m17.jpg
data/images/03_10_2020_1/output_0014/i0000678_s12_m16.jpg
data/images/03_09_2020_1/output_0037/i0000036_s12_m16.jpg
data/images/03_06_2020_0/output_0011/i0001144_s12_m17.jpg
data/images/03_10_2020_1/output_0003/i0000651_s12_m16.jpg
data/images/03_10_2020_1/output_0006/i0000482_s12_m16.jpg
data/images/03_06_2020_0/output_0009/i0000580_s12_m17.jpg
data/images/03_10_2020_1/output_0013/i0000822_s12_m16.jpg
data/images/03_10_2020_1/output_0003/i0000620_s12_m16.jpg
data/images/03_09_2020_1/output_0039/i0000205_s12_m16.jpg
data/images/03_09_2020_1/output_0034/i0000049_s12_m16.jpg
data/images/03_09_2020_1/output_0038/i0000240_s12_m16.jpg
data/images/03_09_2020_1/output_0041/i0000012_s12_m15.jpg
data/images/03_09_2020_1/output_0016/i0000073_s12_m17.jpg
data/images/03_10_2020_1/output_0009/i0000667_s12_m16.jpg
data/images/03_09_2020_1/output_0022/i0000405_s12_m17.jpg
data/images/03_09_2020_1/output_0018/i0000174_s12_m16.jpg
data/images/03_10_2020_1/output_0013/i0000869_s12_m16.jpg
data/images/03_06_2020_0/output_0009/i0000137_s12_m16.jpg
data/images/03_10_2020_1/output_0007/i0000851_s12_m16.jpg
data/images/03_10_2020_1/output_0014/i0000312_s12_m16.jpg
data/images/03_09_2020_1/output_0032/i0000774_s12_m17.jpg
data/images/03_06_2020_0/output_0011/i0000922_s12_m17.jpg
data/images/03_09_2020_1/output_0044/i0000368_s12_m18.jpg
data/images/03_10_2020_1/output_0015/i0000161_s12_m16.jpg
data/images/03_10_2020_1/output_0006/i0000277_s12_m16.jpg
data/images/03_10_2020_1/output_0003/i0000456_s12_m16.jpg
data/images/03_09_2020_1/output_0019/i0000350_s12_m17.jpg
data/images/03_10_2020_1/output_0003/i0000017_s12_m17.jpg
data/images/03_09_2020_1/output_0021/i0000217_s12_m16.jpg
data/images/03_06_2020_0/output_0008/i0000149_s12_m16.jpg
data/images/03_09_2020_1/output_0024/i0000196_s12_m17.jpg
data/images/03_09_2020_1/output_0029/i0000576_s12_m16.jpg
data/images/03_06_2020_0/output_0008/i0001006_s12_m17.jpg
data/images/03_10_2020_1/output_0009/i0000174_s12_m16.jpg
data/images/03_09_2020_1/output_0027/i0000235_s12_m18.jpg
data/images/03_10_2020_1/output_0008/i0000106_s12_m16.jpg
data/images/03_09_2020_1/output_0019/i0000452_s12_m17.jpg
data/images/03_09_2020_1/output_0018/i0000289_s12_m16.jpg
data/images/03_10_2020_1/output_0006/i0000169_s12_m16.jpg
data/images/03_06_2020_0/output_0011/i0000624_s12_m17.jpg
data/images/03_10_2020_1/output_0006/i0000220_s12_m16.jpg
data/images/03_06_2020_0/output_0006/i0000996_s12_m17.jpg
data/images/03_10_2020_1/output_0014/i0000546_s12_m16.jpg
data/images/03_09_2020_1/output_0036/i0000632_s12_m16.jpg
data/images/03_09_2020_1/output_0029/i0000622_s12_m16.jpg
data/images/03_10_2020_1/output_0005/i0000026_s12_m16.jpg
data/images/03_06_2020_0/output_0011/i0000183_s12_m17.jpg
data/images/03_10_2020_1/output_0009/i0000897_s12_m16.jpg
data/images/03_10_2020_1/output_0006/i0000275_s12_m16.jpg
data/images/03_09_2020_1/output_0019/i0000454_s12_m17.jpg
data/images/03_10_2020_1/output_0009/i0000731_s12_m16.jpg
data/images/03_06_2020_0/output_0009/i0000126_s12_m16.jpg
data/images/03_09_2020_1/output_0032/i0000795_s12_m17.jpg
data/images/03_09_2020_1/output_0018/i0000487_s12_m17.jpg
data/images/03_09_2020_1/output_0017/i0000233_s12_m17.jpg
data/images/03_06_2020_0/output_0011/i0001318_s12_m18.jpg
data/images/03_09_2020_1/output_0024/i0000452_s12_m17.jpg
data/images/03_09_2020_1/output_0024/i0000171_s12_m17.jpg
data/images/03_10_2020_1/output_0003/i0000376_s12_m16.jpg
data/images/03_09_2020_1/output_0029/i0000249_s12_m16.jpg
data/images/03_09_2020_1/output_0033/i0000675_s12_m16.jpg
data/images/03_10_2020_1/output_0013/i0000025_s12_m16.jpg
data/images/03_10_2020_1/output_0006/i0000203_s12_m16.jpg
data/images/03_09_2020_1/output_0022/i0000581_s12_m16.jpg
data/images/03_09_2020_1/output_0015/i0000608_s12_m17.jpg
data/images/03_09_2020_1/output_0037/i0000679_s12_m17.jpg
data/images/03_10_2020_1/output_0012/i0000698_s12_m16.jpg
data/images/03_09_2020_1/output_0043/i0000056_s12_m16.jpg
data/images/03_06_2020_0/output_0011/i0000977_s12_m16.jpg
data/images/03_06_2020_0/output_0011/i0000815_s12_m16.jpg
data/images/03_09_2020_1/output_0022/i0000115_s12_m16.jpg
data/images/03_10_2020_1/output_0007/i0000653_s12_m16.jpg
data/images/03_09_2020_1/output_0016/i0000151_s12_m17.jpg
data/images/03_10_2020_1/output_0014/i0000414_s12_m16.jpg
data/images/03_10_2020_1/output_0012/i0000057_s12_m16.jpg
data/images/03_09_2020_1/output_0017/i0000080_s12_m17.jpg
data/images/03_06_2020_0/output_0006/i0000576_s12_m16.jpg
data/images/03_10_2020_1/output_0007/i0000476_s12_m16.jpg
data/images/03_10_2020_1/output_0011/i0000188_s12_m16.jpg
data/images/03_09_2020_1/output_0024/i0000063_s12_m16.jpg
data/images/03_10_2020_1/output_0009/i0000080_s12_m16.jpg
data/images/03_10_2020_1/output_0000/i0000678_s12_m15.jpg
data/images/03_06_2020_0/output_0006/i0000518_s12_m16.jpg
data/images/03_09_2020_1/output_0032/i0000773_s12_m17.jpg
data/images/03_10_2020_1/output_0004/i0000639_s12_m16.jpg
data/images/03_10_2020_1/output_0010/i0000397_s12_m16.jpg
data/images/03_10_2020_1/output_0012/i0000498_s12_m16.jpg
data/images/03_06_2020_0/output_0011/i0000353_s12_m17.jpg
data/images/03_09_2020_1/output_0022/i0000670_s12_m16.jpg
data/images/03_09_2020_1/output_0038/i0000554_s12_m17.jpg
data/images/03_10_2020_1/output_0012/i0000297_s12_m16.jpg
data/images/03_09_2020_1/output_0033/i0000025_s12_m15.jpg
data/images/03_10_2020_1/output_0016/i0000169_s12_m17.jpg
data/images/03_09_2020_1/output_0022/i0000431_s12_m17.jpg
data/images/03_09_2020_1/output_0031/i0000437_s12_m17.jpg
data/images/03_09_2020_1/output_0041/i0000665_s12_m17.jpg
data/images/03_10_2020_1/output_0006/i0000847_s12_m16.jpg
data/images/03_09_2020_1/output_0038/i0000314_s12_m17.jpg
data/images/03_09_2020_1/output_0035/i0000628_s12_m17.jpg
data/images/03_10_2020_1/output_0005/i0000387_s12_m16.jpg
data/images/03_10_2020_1/output_0011/i0000517_s12_m16.jpg
data/images/03_10_2020_1/output_0004/i0000890_s12_m15.jpg
data/images/03_10_2020_1/output_0001/i0000285_s12_m16.jpg
data/images/03_06_2020_0/output_0011/i0000793_s12_m16.jpg
data/images/03_09_2020_1/output_0036/i0000021_s12_m17.jpg
data/images/03_09_2020_1/output_0018/i0000279_s12_m17.jpg
data/images/03_09_2020_1/output_0042/i0000423_s12_m17.jpg
data/images/03_09_2020_1/output_0026/i0000346_s12_m17.jpg
data/images/03_10_2020_1/output_0011/i0000747_s12_m16.jpg
data/images/03_09_2020_1/output_0020/i0000423_s12_m17.jpg
data/images/03_10_2020_1/output_0006/i0000676_s12_m16.jpg
data/images/03_09_2020_1/output_0022/i0000696_s12_m17.jpg
data/images/03_06_2020_0/output_0008/i0001005_s12_m17.jpg
data/images/03_09_2020_1/output_0039/i0000450_s12_m16.jpg
data/images/03_10_2020_1/output_0016/i0000357_s12_m18.jpg
data/images/03_10_2020_1/output_0014/i0000821_s12_m16.jpg
data/images/03_10_2020_1/output_0013/i0000097_s12_m16.jpg
data/images/03_09_2020_1/output_0030/i0000750_s12_m16.jpg
data/images/03_06_2020_0/output_0006/i0001309_s12_m16.jpg
data/images/03_09_2020_1/output_0036/i0000450_s12_m16.jpg
data/images/03_09_2020_1/output_0020/i0000557_s12_m17.jpg
data/images/03_09_2020_1/output_0039/i0000244_s12_m17.jpg
data/images/03_09_2020_1/output_0030/i0000584_s12_m17.jpg
data/images/03_09_2020_1/output_0044/i0000045_s12_m17.jpg
data/images/03_10_2020_1/output_0007/i0000763_s12_m16.jpg
data/images/03_09_2020_1/output_0031/i0000670_s12_m16.jpg
data/images/03_09_2020_1/output_0029/i0000474_s12_m16.jpg
data/images/03_09_2020_1/output_0016/i0000597_s12_m16.jpg
data/images/03_10_2020_1/output_0007/i0000479_s12_m16.jpg
data/images/03_09_2020_1/output_0036/i0000405_s12_m16.jpg
data/images/03_10_2020_1/output_0006/i0000741_s12_m16.jpg
data/images/03_10_2020_1/output_0002/i0000171_s12_m16.jpg
data/images/03_06_2020_0/output_0011/i0000478_s12_m17.jpg
data/images/03_09_2020_1/output_0026/i0000440_s12_m17.jpg
data/images/03_10_2020_1/output_0008/i0000472_s12_m16.jpg
data/images/03_09_2020_1/output_0019/i0000240_s12_m17.jpg
data/images/03_09_2020_1/output_0041/i0000439_s12_m17.jpg
data/images/03_10_2020_1/output_0014/i0000094_s12_m16.jpg
data/images/03_09_2020_1/output_0032/i0000070_s12_m16.jpg
data/images/03_10_2020_1/output_0001/i0000260_s12_m16.jpg
data/images/03_09_2020_1/output_0039/i0000549_s12_m17.jpg
data/images/03_09_2020_1/output_0026/i0000163_s12_m16.jpg
data/images/03_06_2020_0/output_0008/i0000406_s12_m16.jpg
data/images/03_09_2020_1/output_0043/i0000337_s12_m17.jpg
data/images/03_06_2020_0/output_0006/i0001267_s12_m17.jpg
data/images/03_09_2020_1/output_0043/i0000519_s12_m17.jpg
data/images/03_10_2020_1/output_0005/i0000531_s12_m16.jpg
data/images/03_09_2020_1/output_0040/i0000386_s12_m16.jpg
data/images/03_10_2020_1/output_0004/i0001064_s12_m16.jpg
data/images/03_10_2020_1/output_0008/i0001033_s12_m16.jpg
data/images/03_09_2020_1/output_0033/i0000042_s12_m17.jpg
data/images/03_09_2020_1/output_0036/i0000144_s12_m17.jpg
data/images/03_10_2020_1/output_0013/i0000614_s12_m16.jpg
data/images/03_09_2020_1/output_0026/i0000310_s12_m17.jpg
data/images/03_09_2020_1/output_0026/i0000423_s12_m17.jpg
data/images/03_10_2020_1/output_0013/i0000569_s12_m16.jpg
data/images/03_09_2020_1/output_0013/i0000580_s12_m17.jpg
data/images/03_10_2020_1/output_0009/i0000279_s12_m15.jpg
data/images/03_06_2020_0/output_0009/i0000106_s12_m17.jpg
data/images/03_09_2020_1/output_0033/i0000333_s12_m16.jpg
data/images/03_10_2020_1/output_0010/i0000600_s12_m16.jpg
data/images/03_09_2020_1/output_0040/i0000475_s12_m17.jpg
data/images/03_09_2020_1/output_0030/i0000674_s12_m16.jpg
data/images/03_10_2020_1/output_0006/i0000370_s12_m16.jpg
data/images/03_09_2020_1/output_0043/i0000043_s12_m16.jpg
data/images/03_10_2020_1/output_0014/i0000032_s12_m15.jpg
data/images/03_10_2020_1/output_0007/i0000837_s12_m16.jpg
data/images/03_09_2020_1/output_0029/i0000606_s12_m16.jpg
data/images/03_09_2020_1/output_0041/i0000802_s12_m16.jpg
data/images/03_06_2020_0/output_0009/i0001032_s12_m17.jpg
data/images/03_09_2020_1/output_0031/i0000826_s12_m17.jpg
data/images/03_09_2020_1/output_0040/i0000693_s12_m17.jpg
data/images/03_09_2020_1/output_0032/i0000228_s12_m16.jpg
data/images/03_09_2020_1/output_0023/i0000305_s12_m16.jpg
data/images/03_09_2020_1/output_0031/i0000785_s12_m17.jpg
data/images/03_09_2020_1/output_0043/i0000631_s12_m17.jpg
data/images/03_09_2020_1/output_0031/i0000868_s12_m16.jpg
data/images/03_09_2020_1/output_0040/i0000017_s12_m16.jpg
data/images/03_06_2020_0/output_0006/i0000578_s12_m16.jpg
data/images/03_06_2020_0/output_0004/i0001357_s12_m16.jpg
data/images/03_10_2020_1/output_0004/i0000907_s12_m16.jpg
data/images/03_09_2020_1/output_0019/i0000313_s12_m17.jpg
data/images/03_09_2020_1/output_0034/i0000248_s12_m16.jpg
data/images/03_09_2020_1/output_0041/i0000353_s12_m17.jpg
data/images/03_09_2020_1/output_0032/i0000885_s12_m17.jpg
data/images/03_09_2020_1/output_0024/i0000728_s12_m17.jpg
data/images/03_10_2020_1/output_0001/i0000395_s12_m16.jpg
data/images/03_10_2020_1/output_0014/i0000681_s12_m16.jpg
data/images/03_09_2020_1/output_0033/i0000604_s12_m16.jpg
data/images/03_10_2020_1/output_0011/i0001097_s12_m16.jpg
data/images/03_10_2020_1/output_0015/i0000386_s12_m16.jpg
data/images/03_09_2020_1/output_0043/i0000551_s12_m17.jpg
data/images/03_09_2020_1/output_0029/i0000735_s12_m17.jpg
data/images/03_09_2020_1/output_0043/i0000526_s12_m17.jpg
data/images/03_10_2020_1/output_0011/i0000729_s12_m16.jpg
data/images/03_10_2020_1/output_0000/i0000492_s12_m16.jpg
data/images/03_09_2020_1/output_0032/i0000749_s12_m17.jpg
data/images/03_09_2020_1/output_0020/i0000183_s12_m17.jpg
data/images/03_09_2020_1/output_0032/i0000617_s12_m17.jpg
data/images/03_09_2020_1/output_0038/i0000117_s12_m16.jpg
data/images/03_09_2020_1/output_0013/i0000373_s12_m16.jpg
data/images/03_06_2020_0/output_0011/i0000027_s12_m17.jpg
data/images/03_10_2020_1/output_0012/i0000756_s12_m16.jpg
data/images/03_10_2020_1/output_0000/i0000219_s12_m16.jpg
data/images/03_10_2020_1/output_0011/i0000655_s12_m16.jpg
data/images/03_10_2020_1/output_0010/i0000038_s12_m16.jpg
data/images/03_10_2020_1/output_0004/i0001089_s12_m16.jpg
data/images/03_09_2020_1/output_0034/i0000088_s12_m16.jpg
data/images/03_06_2020_0/output_0008/i0000272_s12_m17.jpg
data/images/03_10_2020_1/output_0000/i0000065_s12_m16.jpg
data/images/03_06_2020_0/output_0004/i0001180_s12_m16.jpg
data/images/03_10_2020_1/output_0000/i0000692_s12_m15.jpg
data/images/03_09_2020_1/output_0031/i0000424_s12_m17.jpg
data/images/03_10_2020_1/output_0012/i0000958_s12_m16.jpg
data/images/03_09_2020_1/output_0017/i0000031_s12_m15.jpg
data/images/03_10_2020_1/output_0006/i0000717_s12_m16.jpg
data/images/03_10_2020_1/output_0015/i0000652_s12_m16.jpg
data/images/03_09_2020_1/output_0030/i0000479_s12_m16.jpg
data/images/03_09_2020_1/output_0024/i0000600_s12_m17.jpg
data/images/03_06_2020_0/output_0006/i0000048_s12_m16.jpg
data/images/03_10_2020_1/output_0016/i0000139_s12_m18.jpg
data/images/03_06_2020_0/output_0011/i0000055_s12_m17.jpg
data/images/03_09_2020_1/output_0038/i0000348_s12_m17.jpg
data/images/03_09_2020_1/output_0022/i0000643_s12_m16.jpg
data/images/03_06_2020_0/output_0009/i0000190_s12_m16.jpg
data/images/03_10_2020_1/output_0011/i0000858_s12_m16.jpg
data/images/03_10_2020_1/output_0011/i0000583_s12_m16.jpg
data/images/03_09_2020_1/output_0031/i0000582_s12_m17.jpg
data/images/03_10_2020_1/output_0007/i0000283_s12_m16.jpg
data/images/03_09_2020_1/output_0029/i0000367_s12_m16.jpg
data/images/03_09_2020_1/output_0030/i0000135_s12_m17.jpg
data/images/03_09_2020_1/output_0035/i0000573_s12_m16.jpg
data/images/03_10_2020_1/output_0000/i0000485_s12_m16.jpg
data/images/03_10_2020_1/output_0014/i0000323_s12_m16.jpg
data/images/03_06_2020_0/output_0011/i0000056_s12_m17.jpg
data/images/03_10_2020_1/output_0008/i0000875_s12_m16.jpg
data/images/03_09_2020_1/output_0024/i0000678_s12_m17.jpg
data/images/03_10_2020_1/output_0011/i0000134_s12_m16.jpg
data/images/03_09_2020_1/output_0036/i0000166_s12_m17.jpg
data/images/03_09_2020_1/output_0037/i0000337_s12_m17.jpg
data/images/03_09_2020_1/output_0024/i0000212_s12_m17.jpg
data/images/03_09_2020_1/output_0043/i0000727_s12_m17.jpg
data/images/03_09_2020_1/output_0018/i0000284_s12_m16.jpg
data/images/03_06_2020_0/output_0004/i0000517_s12_m16.jpg
data/images/03_06_2020_0/output_0008/i0000982_s12_m16.jpg
data/images/03_10_2020_1/output_0005/i0000040_s12_m15.jpg
data/images/03_09_2020_1/output_0042/i0000060_s12_m17.jpg
data/images/03_09_2020_1/output_0019/i0000228_s12_m16.jpg
data/images/03_09_2020_1/output_0018/i0000096_s12_m17.jpg
data/images/03_09_2020_1/output_0036/i0000273_s12_m16.jpg
data/images/03_09_2020_1/output_0039/i0000341_s12_m17.jpg
data/images/03_10_2020_1/output_0009/i0000924_s12_m16.jpg
data/images/03_10_2020_1/output_0012/i0000233_s12_m16.jpg
data/images/03_10_2020_1/output_0013/i0000033_s12_m16.jpg
data/images/03_09_2020_1/output_0032/i0000383_s12_m17.jpg
data/images/03_06_2020_0/output_0009/i0000062_s12_m16.jpg
data/images/03_09_2020_1/output_0014/i0000394_s12_m16.jpg
data/images/03_10_2020_1/output_0007/i0000224_s12_m16.jpg
data/images/03_09_2020_1/output_0033/i0000229_s12_m16.jpg
data/images/03_06_2020_0/output_0008/i0001091_s12_m17.jpg
data/images/03_10_2020_1/output_0014/i0000069_s12_m16.jpg
data/images/03_10_2020_1/output_0005/i0000073_s12_m16.jpg
data/images/03_10_2020_1/output_0012/i0000424_s12_m16.jpg
data/images/03_10_2020_1/output_0006/i0000088_s12_m16.jpg
data/images/03_10_2020_1/output_0003/i0000560_s12_m16.jpg
data/images/03_10_2020_1/output_0004/i0000623_s12_m16.jpg
data/images/03_09_2020_1/output_0022/i0000531_s12_m16.jpg
data/images/03_06_2020_0/output_0004/i0000872_s12_m17.jpg
data/images/03_10_2020_1/output_0008/i0000290_s12_m16.jpg
data/images/03_10_2020_1/output_0006/i0000541_s12_m16.jpg
data/images/03_06_2020_0/output_0004/i0001409_s12_m16.jpg
data/images/03_09_2020_1/output_0043/i0000358_s12_m17.jpg
data/images/03_10_2020_1/output_0009/i0000695_s12_m16.jpg
data/images/03_10_2020_1/output_0007/i0000802_s12_m16.jpg
data/images/03_09_2020_1/output_0013/i0000542_s12_m17.jpg
data/images/03_06_2020_0/output_0011/i0000586_s12_m17.jpg
data/images/03_09_2020_1/output_0031/i0000781_s12_m17.jpg
data/images/03_10_2020_1/output_0012/i0000234_s12_m16.jpg
data/images/03_10_2020_1/output_0008/i0000473_s12_m16.jpg
data/images/03_09_2020_1/output_0026/i0000229_s12_m17.jpg
data/images/03_06_2020_0/output_0006/i0001318_s12_m16.jpg
data/images/03_10_2020_1/output_0006/i0000652_s12_m16.jpg
data/images/03_09_2020_1/output_0016/i0000163_s12_m17.jpg
data/images/03_10_2020_1/output_0012/i0000518_s12_m16.jpg
data/images/03_09_2020_1/output_0037/i0000380_s12_m16.jpg
data/images/03_10_2020_1/output_0015/i0000637_s12_m16.jpg
data/images/03_10_2020_1/output_0002/i0000188_s12_m15.jpg
data/images/03_10_2020_1/output_0004/i0000791_s12_m16.jpg
data/images/03_09_2020_1/output_0029/i0000520_s12_m16.jpg
data/images/03_06_2020_0/output_0008/i0000203_s12_m17.jpg
data/images/03_09_2020_1/output_0022/i0000511_s12_m16.jpg
data/images/03_09_2020_1/output_0044/i0000440_s12_m18.jpg
data/images/03_09_2020_1/output_0035/i0000492_s12_m17.jpg
data/images/03_09_2020_1/output_0026/i0000077_s12_m16.jpg
data/images/03_06_2020_0/output_0008/i0000830_s12_m17.jpg
data/images/03_09_2020_1/output_0019/i0000188_s12_m16.jpg
data/images/03_09_2020_1/output_0036/i0000524_s12_m17.jpg
data/images/03_09_2020_1/output_0041/i0000396_s12_m17.jpg
data/images/03_10_2020_1/output_0011/i0001087_s12_m16.jpg
data/images/03_10_2020_1/output_0013/i0000321_s12_m16.jpg
data/images/03_09_2020_1/output_0023/i0000131_s12_m15.jpg
data/images/03_06_2020_0/output_0008/i0000989_s12_m17.jpg
data/images/03_09_2020_1/output_0023/i0000159_s12_m16.jpg
data/images/03_09_2020_1/output_0043/i0000375_s12_m17.jpg
data/images/03_09_2020_1/output_0019/i0000439_s12_m17.jpg
data/images/03_09_2020_1/output_0021/i0000612_s12_m17.jpg
data/images/03_09_2020_1/output_0037/i0000659_s12_m17.jpg
data/images/03_10_2020_1/output_0005/i0000618_s12_m16.jpg
data/images/03_10_2020_1/output_0010/i0000403_s12_m16.jpg
data/images/03_09_2020_1/output_0031/i0000463_s12_m16.jpg
data/images/03_09_2020_1/output_0035/i0000701_s12_m16.jpg
data/images/03_09_2020_1/output_0031/i0000082_s12_m16.jpg
data/images/03_10_2020_1/output_0013/i0000373_s12_m16.jpg
data/images/03_10_2020_1/output_0005/i0000216_s12_m16.jpg
data/images/03_09_2020_1/output_0021/i0000045_s12_m17.jpg
data/images/03_09_2020_1/output_0022/i0000274_s12_m17.jpg
data/images/03_09_2020_1/output_0042/i0000429_s12_m17.jpg
data/images/03_10_2020_1/output_0013/i0000620_s12_m16.jpg
data/images/03_10_2020_1/output_0011/i0000446_s12_m16.jpg
data/images/03_10_2020_1/output_0016/i0000140_s12_m18.jpg
data/images/03_09_2020_1/output_0029/i0000671_s12_m16.jpg
data/images/03_10_2020_1/output_0007/i0000147_s12_m16.jpg
data/images/03_10_2020_1/output_0012/i0000693_s12_m16.jpg
data/images/03_10_2020_1/output_0007/i0000287_s12_m16.jpg
data/images/03_09_2020_1/output_0037/i0000317_s12_m17.jpg
data/images/03_09_2020_1/output_0026/i0000278_s12_m17.jpg
data/images/03_10_2020_1/output_0003/i0000217_s12_m16.jpg
data/images/03_09_2020_1/output_0031/i0000697_s12_m17.jpg
data/images/03_09_2020_1/output_0019/i0000097_s12_m16.jpg
data/images/03_10_2020_1/output_0013/i0000526_s12_m16.jpg
data/images/03_09_2020_1/output_0029/i0000800_s12_m17.jpg
data/images/03_10_2020_1/output_0013/i0000572_s12_m16.jpg
data/images/03_09_2020_1/output_0039/i0000011_s12_m17.jpg
data/images/03_09_2020_1/output_0029/i0000351_s12_m16.jpg
data/images/03_06_2020_0/output_0011/i0001427_s12_m18.jpg
data/images/03_09_2020_1/output_0041/i0000454_s12_m17.jpg
data/images/03_10_2020_1/output_0008/i0000592_s12_m16.jpg
data/images/03_10_2020_1/output_0006/i0000542_s12_m16.jpg
data/images/03_10_2020_1/output_0015/i0000226_s12_m16.jpg
data/images/03_09_2020_1/output_0037/i0000430_s12_m17.jpg
data/images/03_10_2020_1/output_0009/i0000636_s12_m16.jpg
data/images/03_10_2020_1/output_0009/i0000150_s12_m16.jpg
data/images/03_09_2020_1/output_0033/i0000158_s12_m16.jpg
data/images/03_06_2020_0/output_0011/i0001054_s12_m17.jpg
data/images/03_10_2020_1/output_0005/i0000311_s12_m15.jpg
data/images/03_09_2020_1/output_0031/i0000045_s12_m17.jpg
data/images/03_10_2020_1/output_0016/i0000110_s12_m18.jpg
data/images/03_10_2020_1/output_0013/i0000366_s12_m16.jpg
data/images/03_09_2020_1/output_0018/i0000265_s12_m16.jpg
data/images/03_09_2020_1/output_0044/i0000202_s12_m18.jpg
data/images/03_09_2020_1/output_0029/i0000693_s12_m16.jpg
data/images/03_06_2020_0/output_0008/i0001078_s12_m17.jpg
data/images/03_09_2020_1/output_0030/i0000853_s12_m17.jpg
data/images/03_09_2020_1/output_0020/i0000638_s12_m17.jpg
data/images/03_09_2020_1/output_0042/i0000385_s12_m17.jpg
data/images/03_06_2020_0/output_0011/i0000955_s12_m17.jpg
data/images/03_10_2020_1/output_0012/i0000960_s12_m16.jpg
data/images/03_09_2020_1/output_0029/i0000744_s12_m17.jpg
data/images/03_10_2020_1/output_0011/i0000805_s12_m16.jpg
data/images/03_09_2020_1/output_0026/i0000299_s12_m17.jpg
data/images/03_09_2020_1/output_0041/i0000466_s12_m17.jpg
data/images/03_09_2020_1/output_0038/i0000635_s12_m17.jpg
data/images/03_09_2020_1/output_0021/i0000230_s12_m17.jpg
data/images/03_09_2020_1/output_0041/i0000247_s12_m17.jpg
data/images/03_09_2020_1/output_0040/i0000682_s12_m17.jpg
data/images/03_06_2020_0/output_0004/i0000624_s12_m16.jpg
data/images/03_09_2020_1/output_0029/i0000431_s12_m16.jpg
data/images/03_09_2020_1/output_0017/i0000221_s12_m16.jpg
data/images/03_09_2020_1/output_0036/i0000121_s12_m17.jpg
data/images/03_09_2020_1/output_0042/i0000562_s12_m17.jpg
data/images/03_09_2020_1/output_0032/i0000382_s12_m17.jpg
data/images/03_09_2020_1/output_0034/i0000285_s12_m16.jpg
data/images/03_09_2020_1/output_0043/i0000150_s12_m16.jpg
data/images/03_06_2020_0/output_0008/i0001504_s12_m16.jpg
data/images/03_06_2020_0/output_0008/i0000373_s12_m17.jpg
data/images/03_09_2020_1/output_0038/i0000118_s12_m16.jpg
data/images/03_09_2020_1/output_0024/i0000488_s12_m17.jpg
data/images/03_06_2020_0/output_0004/i0000990_s12_m16.jpg
data/images/03_10_2020_1/output_0015/i0000553_s12_m16.jpg
data/images/03_10_2020_1/output_0011/i0000054_s12_m16.jpg
data/images/03_10_2020_1/output_0005/i0000467_s12_m16.jpg
data/images/03_10_2020_1/output_0015/i0000599_s12_m16.jpg
data/images/03_06_2020_0/output_0008/i0000624_s12_m17.jpg
data/images/03_10_2020_1/output_0014/i0000585_s12_m16.jpg
data/images/03_10_2020_1/output_0007/i0000503_s12_m16.jpg
data/images/03_09_2020_1/output_0036/i0000016_s12_m17.jpg
data/images/03_09_2020_1/output_0016/i0000596_s12_m16.jpg
data/images/03_09_2020_1/output_0031/i0000359_s12_m17.jpg
data/images/03_10_2020_1/output_0003/i0000715_s12_m16.jpg
data/images/03_06_2020_0/output_0006/i0000861_s12_m17.jpg
data/images/03_09_2020_1/output_0031/i0000522_s12_m17.jpg
data/images/03_09_2020_1/output_0043/i0000113_s12_m17.jpg
data/images/03_09_2020_1/output_0032/i0000701_s12_m17.jpg
data/images/03_09_2020_1/output_0033/i0000446_s12_m17.jpg
data/images/03_09_2020_1/output_0040/i0000302_s12_m16.jpg
data/images/03_09_2020_1/output_0031/i0000484_s12_m16.jpg
data/images/03_09_2020_1/output_0022/i0000349_s12_m17.jpg
data/images/03_09_2020_1/output_0030/i0000672_s12_m16.jpg
data/images/03_09_2020_1/output_0026/i0000444_s12_m17.jpg
data/images/03_09_2020_1/output_0033/i0000228_s12_m16.jpg
data/images/03_10_2020_1/output_0007/i0000628_s12_m16.jpg
data/images/03_09_2020_1/output_0020/i0000047_s12_m17.jpg
data/images/03_10_2020_1/output_0014/i0000811_s12_m16.jpg
data/images/03_09_2020_1/output_0017/i0000070_s12_m17.jpg
data/images/03_09_2020_1/output_0036/i0000072_s12_m17.jpg
data/images/03_10_2020_1/output_0003/i0000798_s12_m16.jpg
data/images/03_09_2020_1/output_0026/i0000641_s12_m19.jpg
data/images/03_09_2020_1/output_0032/i0000863_s12_m17.jpg
data/images/03_06_2020_0/output_0008/i0000020_s12_m16.jpg
data/images/03_10_2020_1/output_0000/i0000513_s12_m16.jpg
data/images/03_10_2020_1/output_0012/i0000212_s12_m16.jpg
data/images/03_06_2020_0/output_0008/i0000632_s12_m17.jpg
data/images/03_06_2020_0/output_0008/i0000859_s12_m16.jpg
data/images/03_09_2020_1/output_0042/i0000092_s12_m17.jpg
data/images/03_10_2020_1/output_0013/i0000263_s12_m15.jpg
data/images/03_06_2020_0/output_0011/i0000702_s12_m17.jpg
data/images/03_09_2020_1/output_0013/i0000276_s12_m16.jpg
data/images/03_10_2020_1/output_0000/i0000388_s12_m16.jpg
data/images/03_10_2020_1/output_0006/i0000544_s12_m16.jpg
data/images/03_10_2020_1/output_0012/i0000177_s12_m16.jpg
data/images/03_09_2020_1/output_0035/i0000499_s12_m17.jpg
data/images/03_10_2020_1/output_0005/i0000029_s12_m16.jpg
data/images/03_10_2020_1/output_0007/i0000225_s12_m16.jpg
data/images/03_10_2020_1/output_0008/i0000499_s12_m16.jpg
data/images/03_10_2020_1/output_0007/i0000419_s12_m16.jpg
data/images/03_09_2020_1/output_0034/i0000175_s12_m16.jpg
data/images/03_10_2020_1/output_0014/i0000283_s12_m16.jpg
data/images/03_10_2020_1/output_0003/i0000243_s12_m16.jpg
data/images/03_09_2020_1/output_0043/i0000109_s12_m16.jpg
data/images/03_10_2020_1/output_0000/i0000040_s12_m16.jpg
data/images/03_09_2020_1/output_0040/i0000200_s12_m16.jpg
data/images/03_06_2020_0/output_0008/i0000388_s12_m16.jpg
data/images/03_09_2020_1/output_0023/i0000307_s12_m16.jpg
data/images/03_10_2020_1/output_0005/i0000600_s12_m16.jpg
data/images/03_09_2020_1/output_0026/i0000223_s12_m17.jpg
data/images/03_06_2020_0/output_0004/i0001242_s12_m16.jpg
data/images/03_09_2020_1/output_0039/i0000206_s12_m16.jpg
data/images/03_09_2020_1/output_0018/i0000409_s12_m16.jpg
data/images/03_09_2020_1/output_0044/i0000036_s12_m17.jpg
data/images/03_10_2020_1/output_0011/i0000150_s12_m16.jpg
data/images/03_10_2020_1/output_0014/i0000779_s12_m16.jpg
data/images/03_10_2020_1/output_0013/i0000700_s12_m16.jpg
data/images/03_09_2020_1/output_0013/i0000274_s12_m17.jpg
data/images/03_10_2020_1/output_0011/i0000589_s12_m16.jpg
data/images/03_09_2020_1/output_0026/i0000497_s12_m17.jpg
data/images/03_09_2020_1/output_0033/i0000646_s12_m16.jpg
data/images/03_10_2020_1/output_0007/i0000538_s12_m16.jpg
data/images/03_06_2020_0/output_0006/i0000354_s12_m16.jpg
data/images/03_10_2020_1/output_0013/i0000923_s12_m16.jpg
data/images/03_09_2020_1/output_0013/i0000069_s12_m17.jpg
data/images/03_10_2020_1/output_0012/i0000907_s12_m16.jpg
data/images/03_06_2020_0/output_0011/i0001236_s12_m18.jpg
data/images/03_09_2020_1/output_0026/i0000496_s12_m17.jpg
data/images/03_09_2020_1/output_0035/i0000634_s12_m16.jpg
data/images/03_09_2020_1/output_0040/i0000150_s12_m17.jpg
data/images/03_09_2020_1/output_0039/i0000432_s12_m16.jpg
data/images/03_09_2020_1/output_0037/i0000256_s12_m17.jpg
data/images/03_09_2020_1/output_0019/i0000420_s12_m17.jpg
data/images/03_09_2020_1/output_0035/i0000246_s12_m17.jpg
data/images/03_09_2020_1/output_0038/i0000660_s12_m16.jpg
data/images/03_09_2020_1/output_0041/i0000158_s12_m16.jpg
data/images/03_06_2020_0/output_0011/i0000217_s12_m16.jpg
data/images/03_06_2020_0/output_0006/i0000512_s12_m16.jpg
data/images/03_10_2020_1/output_0006/i0000219_s12_m16.jpg
data/images/03_09_2020_1/output_0030/i0000317_s12_m16.jpg
data/images/03_09_2020_1/output_0044/i0000089_s12_m17.jpg
data/images/03_10_2020_1/output_0011/i0000409_s12_m16.jpg
data/images/03_09_2020_1/output_0033/i0000175_s12_m16.jpg
data/images/03_09_2020_1/output_0018/i0000296_s12_m17.jpg
data/images/03_10_2020_1/output_0004/i0000601_s12_m15.jpg
data/images/03_09_2020_1/output_0021/i0000339_s12_m17.jpg
data/images/03_09_2020_1/output_0030/i0000268_s12_m16.jpg
data/images/03_10_2020_1/output_0009/i0000400_s12_m16.jpg
data/images/03_10_2020_1/output_0014/i0000510_s12_m16.jpg
data/images/03_10_2020_1/output_0012/i0000326_s12_m16.jpg
data/images/03_09_2020_1/output_0038/i0000586_s12_m17.jpg
data/images/03_06_2020_0/output_0006/i0000461_s12_m17.jpg
data/images/03_09_2020_1/output_0044/i0000181_s12_m18.jpg
data/images/03_09_2020_1/output_0033/i0000705_s12_m16.jpg
data/images/03_09_2020_1/output_0037/i0000525_s12_m16.jpg
data/images/03_09_2020_1/output_0041/i0000749_s12_m16.jpg
data/images/03_10_2020_1/output_0006/i0000535_s12_m16.jpg
data/images/03_10_2020_1/output_0014/i0000698_s12_m16.jpg
data/images/03_10_2020_1/output_0015/i0000240_s12_m16.jpg
data/images/03_09_2020_1/output_0019/i0000171_s12_m16.jpg
data/images/03_10_2020_1/output_0012/i0000399_s12_m16.jpg
data/images/03_10_2020_1/output_0009/i0000655_s12_m16.jpg
data/images/03_09_2020_1/output_0043/i0000065_s12_m17.jpg
data/images/03_09_2020_1/output_0024/i0000565_s12_m17.jpg
data/images/03_09_2020_1/output_0038/i0000647_s12_m16.jpg
data/images/03_10_2020_1/output_0015/i0000502_s12_m16.jpg
data/images/03_10_2020_1/output_0007/i0000199_s12_m16.jpg
data/images/03_10_2020_1/output_0012/i0000770_s12_m16.jpg
data/images/03_10_2020_1/output_0006/i0000524_s12_m16.jpg
data/images/03_09_2020_1/output_0030/i0000692_s12_m17.jpg
data/images/03_10_2020_1/output_0006/i0000603_s12_m16.jpg
data/images/03_10_2020_1/output_0015/i0000941_s12_m17.jpg
data/images/03_10_2020_1/output_0000/i0000305_s12_m16.jpg
data/images/03_10_2020_1/output_0009/i0000747_s12_m16.jpg
data/images/03_09_2020_1/output_0029/i0000655_s12_m16.jpg
data/images/03_09_2020_1/output_0022/i0000606_s12_m16.jpg
data/images/03_09_2020_1/output_0039/i0000550_s12_m17.jpg
data/images/03_10_2020_1/output_0012/i0000327_s12_m16.jpg
data/images/03_10_2020_1/output_0007/i0000737_s12_m16.jpg
data/images/03_09_2020_1/output_0021/i0000145_s12_m17.jpg
data/images/03_09_2020_1/output_0032/i0000102_s12_m16.jpg
data/images/03_10_2020_1/output_0003/i0000591_s12_m16.jpg
data/images/03_09_2020_1/output_0026/i0000504_s12_m17.jpg
data/images/03_10_2020_1/output_0000/i0000512_s12_m16.jpg
data/images/03_09_2020_1/output_0024/i0000184_s12_m17.jpg
data/images/03_09_2020_1/output_0022/i0000513_s12_m16.jpg
data/images/03_06_2020_0/output_0004/i0000036_s12_m15.jpg
data/images/03_09_2020_1/output_0040/i0000483_s12_m17.jpg
data/images/03_10_2020_1/output_0012/i0000296_s12_m16.jpg
data/images/03_10_2020_1/output_0004/i0000388_s12_m16.jpg
data/images/03_09_2020_1/output_0024/i0000512_s12_m17.jpg
data/images/03_10_2020_1/output_0007/i0000720_s12_m16.jpg
data/images/03_09_2020_1/output_0044/i0000378_s12_m18.jpg
data/images/03_09_2020_1/output_0022/i0000475_s12_m16.jpg
data/images/03_09_2020_1/output_0024/i0000287_s12_m17.jpg
data/images/03_10_2020_1/output_0013/i0000032_s12_m16.jpg
data/images/03_09_2020_1/output_0021/i0000413_s12_m17.jpg
data/images/03_10_2020_1/output_0005/i0000371_s12_m16.jpg
data/images/03_10_2020_1/output_0013/i0000711_s12_m16.jpg
data/images/03_09_2020_1/output_0035/i0000721_s12_m16.jpg
data/images/03_10_2020_1/output_0007/i0000635_s12_m16.jpg
data/images/03_09_2020_1/output_0023/i0000370_s12_m16.jpg
data/images/03_09_2020_1/output_0038/i0000495_s12_m17.jpg
data/images/03_09_2020_1/output_0023/i0000109_s12_m17.jpg
data/images/03_10_2020_1/output_0011/i0000719_s12_m16.jpg
data/images/03_10_2020_1/output_0001/i0000359_s12_m16.jpg
data/images/03_10_2020_1/output_0006/i0000765_s12_m16.jpg
data/images/03_10_2020_1/output_0011/i0001100_s12_m16.jpg
data/images/03_09_2020_1/output_0031/i0000648_s12_m16.jpg
data/images/03_09_2020_1/output_0029/i0000663_s12_m16.jpg
data/images/03_10_2020_1/output_0003/i0000363_s12_m15.jpg
data/images/03_06_2020_0/output_0008/i0000580_s12_m17.jpg
data/images/03_09_2020_1/output_0029/i0000198_s12_m17.jpg
data/images/03_09_2020_1/output_0044/i0000051_s12_m17.jpg
data/images/03_10_2020_1/output_0006/i0000621_s12_m16.jpg
data/images/03_10_2020_1/output_0001/i0000246_s12_m15.jpg
data/images/03_09_2020_1/output_0040/i0000626_s12_m17.jpg
data/images/03_06_2020_0/output_0009/i0000371_s12_m17.jpg
data/images/03_10_2020_1/output_0008/i0000555_s12_m15.jpg
data/images/03_10_2020_1/output_0007/i0000629_s12_m16.jpg
data/images/03_09_2020_1/output_0040/i0000447_s12_m16.jpg
data/images/03_09_2020_1/output_0032/i0000060_s12_m16.jpg
data/images/03_09_2020_1/output_0031/i0000860_s12_m16.jpg
data/images/03_09_2020_1/output_0039/i0000099_s12_m16.jpg
data/images/03_09_2020_1/output_0041/i0000602_s12_m17.jpg
data/images/03_09_2020_1/output_0020/i0000130_s12_m17.jpg
data/images/03_10_2020_1/output_0009/i0000555_s12_m16.jpg
data/images/03_09_2020_1/output_0034/i0000272_s12_m16.jpg
data/images/03_09_2020_1/output_0013/i0000133_s12_m17.jpg
data/images/03_09_2020_1/output_0031/i0000315_s12_m17.jpg
data/images/03_09_2020_1/output_0033/i0000284_s12_m16.jpg
data/images/03_09_2020_1/output_0038/i0000172_s12_m16.jpg
data/images/03_09_2020_1/output_0020/i0000088_s12_m17.jpg
data/images/03_09_2020_1/output_0022/i0000480_s12_m16.jpg
data/images/03_09_2020_1/output_0021/i0000094_s12_m16.jpg
data/images/03_10_2020_1/output_0012/i0000876_s12_m16.jpg
data/images/03_09_2020_1/output_0042/i0000068_s12_m17.jpg
data/images/03_09_2020_1/output_0043/i0000338_s12_m17.jpg
data/images/03_06_2020_0/output_0008/i0000579_s12_m17.jpg
data/images/03_09_2020_1/output_0042/i0000434_s12_m17.jpg
data/images/03_06_2020_0/output_0006/i0000928_s12_m16.jpg
data/images/03_09_2020_1/output_0034/i0000435_s12_m16.jpg
data/images/03_09_2020_1/output_0034/i0000410_s12_m16.jpg
data/images/03_06_2020_0/output_0009/i0001162_s12_m17.jpg
data/images/03_09_2020_1/output_0033/i0000442_s12_m17.jpg
data/images/03_10_2020_1/output_0013/i0000836_s12_m16.jpg
data/images/03_09_2020_1/output_0034/i0000219_s12_m16.jpg
data/images/03_06_2020_0/output_0009/i0000162_s12_m17.jpg
data/images/03_09_2020_1/output_0031/i0000687_s12_m17.jpg
data/images/03_10_2020_1/output_0009/i0000591_s12_m16.jpg
data/images/03_09_2020_1/output_0026/i0000373_s12_m16.jpg
data/images/03_09_2020_1/output_0018/i0000046_s12_m17.jpg
data/images/03_10_2020_1/output_0003/i0000475_s12_m16.jpg
data/images/03_09_2020_1/output_0039/i0000310_s12_m16.jpg
data/images/03_06_2020_0/output_0006/i0000648_s12_m17.jpg
data/images/03_10_2020_1/output_0010/i0000840_s12_m16.jpg
data/images/03_10_2020_1/output_0011/i0000924_s12_m16.jpg
data/images/03_09_2020_1/output_0041/i0000311_s12_m17.jpg
data/images/03_09_2020_1/output_0018/i0000280_s12_m16.jpg
data/images/03_09_2020_1/output_0032/i0000123_s12_m16.jpg
data/images/03_09_2020_1/output_0030/i0000394_s12_m17.jpg
data/images/03_09_2020_1/output_0044/i0000187_s12_m18.jpg
data/images/03_09_2020_1/output_0019/i0000302_s12_m16.jpg
data/images/03_10_2020_1/output_0015/i0000610_s12_m16.jpg
data/images/03_10_2020_1/output_0008/i0001037_s12_m16.jpg
data/images/03_10_2020_1/output_0011/i0000242_s12_m16.jpg
data/images/03_10_2020_1/output_0013/i0000649_s12_m16.jpg
data/images/03_06_2020_0/output_0008/i0000040_s12_m17.jpg
data/images/03_06_2020_0/output_0011/i0001237_s12_m18.jpg
data/images/03_09_2020_1/output_0023/i0000192_s12_m17.jpg
data/images/03_10_2020_1/output_0004/i0000455_s12_m16.jpg
data/images/03_09_2020_1/output_0040/i0000658_s12_m17.jpg
data/images/03_06_2020_0/output_0004/i0001052_s12_m16.jpg
data/images/03_09_2020_1/output_0035/i0000294_s12_m17.jpg
data/images/03_06_2020_0/output_0006/i0000593_s12_m17.jpg
data/images/03_09_2020_1/output_0035/i0000422_s12_m16.jpg
data/images/03_09_2020_1/output_0027/i0000087_s12_m18.jpg
data/images/03_09_2020_1/output_0037/i0000711_s12_m17.jpg
data/images/03_09_2020_1/output_0026/i0000397_s12_m17.jpg
data/images/03_09_2020_1/output_0026/i0000526_s12_m17.jpg
data/images/03_10_2020_1/output_0008/i0000411_s12_m16.jpg
data/images/03_09_2020_1/output_0035/i0000603_s12_m17.jpg
data/images/03_09_2020_1/output_0015/i0000087_s12_m16.jpg
data/images/03_09_2020_1/output_0029/i0000658_s12_m16.jpg
data/images/03_09_2020_1/output_0044/i0000326_s12_m18.jpg
data/images/03_09_2020_1/output_0041/i0000183_s12_m17.jpg
data/images/03_10_2020_1/output_0006/i0000675_s12_m16.jpg
data/images/03_09_2020_1/output_0039/i0000220_s12_m17.jpg
data/images/03_09_2020_1/output_0019/i0000618_s12_m17.jpg
data/images/03_09_2020_1/output_0029/i0000784_s12_m17.jpg
data/images/03_09_2020_1/output_0019/i0000488_s12_m17.jpg
data/images/03_09_2020_1/output_0032/i0000525_s12_m16.jpg
data/images/03_09_2020_1/output_0030/i0000461_s12_m16.jpg
data/images/03_10_2020_1/output_0011/i0000247_s12_m16.jpg
data/images/03_09_2020_1/output_0036/i0000274_s12_m16.jpg
data/images/03_10_2020_1/output_0000/i0000503_s12_m16.jpg
data/images/03_10_2020_1/output_0014/i0000676_s12_m16.jpg
data/images/03_06_2020_0/output_0006/i0001181_s12_m16.jpg
data/images/03_06_2020_0/output_0006/i0001017_s12_m17.jpg
data/images/03_06_2020_0/output_0011/i0001381_s12_m18.jpg
data/images/03_10_2020_1/output_0012/i0000962_s12_m16.jpg
data/images/03_09_2020_1/output_0039/i0000709_s12_m16.jpg
data/images/03_09_2020_1/output_0022/i0000145_s12_m16.jpg
data/images/03_09_2020_1/output_0019/i0000470_s12_m17.jpg
data/images/03_06_2020_0/output_0009/i0000441_s12_m17.jpg
data/images/03_10_2020_1/output_0012/i0000732_s12_m16.jpg
data/images/03_09_2020_1/output_0043/i0000477_s12_m17.jpg
data/images/03_09_2020_1/output_0036/i0000219_s12_m17.jpg
data/images/03_06_2020_0/output_0008/i0000826_s12_m17.jpg
data/images/03_10_2020_1/output_0005/i0000653_s12_m16.jpg
data/images/03_10_2020_1/output_0004/i0000175_s12_m17.jpg
data/images/03_10_2020_1/output_0011/i0000951_s12_m16.jpg
data/images/03_09_2020_1/output_0020/i0000545_s12_m17.jpg
data/images/03_06_2020_0/output_0009/i0000123_s12_m17.jpg
data/images/03_09_2020_1/output_0033/i0000304_s12_m16.jpg
data/images/03_10_2020_1/output_0005/i0001051_s12_m16.jpg
data/images/03_10_2020_1/output_0013/i0000759_s12_m16.jpg
data/images/03_10_2020_1/output_0012/i0000846_s12_m16.jpg
data/images/03_10_2020_1/output_0014/i0000791_s12_m16.jpg
data/images/03_09_2020_1/output_0031/i0000143_s12_m16.jpg
data/images/03_06_2020_0/output_0008/i0000407_s12_m17.jpg
data/images/03_10_2020_1/output_0003/i0000428_s12_m16.jpg
data/images/03_09_2020_1/output_0020/i0000267_s12_m17.jpg
data/images/03_06_2020_0/output_0006/i0001388_s12_m17.jpg
data/images/03_10_2020_1/output_0005/i0000219_s12_m15.jpg
data/images/03_09_2020_1/output_0040/i0000488_s12_m17.jpg
data/images/03_09_2020_1/output_0027/i0000211_s12_m18.jpg
data/images/03_10_2020_1/output_0012/i0000906_s12_m16.jpg
data/images/03_10_2020_1/output_0010/i0000617_s12_m16.jpg
data/images/03_09_2020_1/output_0037/i0000788_s12_m16.jpg
data/images/03_09_2020_1/output_0026/i0000600_s12_m17.jpg
data/images/03_10_2020_1/output_0011/i0000020_s12_m16.jpg
data/images/03_06_2020_0/output_0009/i0000964_s12_m17.jpg
data/images/03_09_2020_1/output_0036/i0000569_s12_m17.jpg
data/images/03_10_2020_1/output_0000/i0000511_s12_m16.jpg
data/images/03_09_2020_1/output_0043/i0000026_s12_m17.jpg
data/images/03_09_2020_1/output_0030/i0000757_s12_m16.jpg
data/images/03_09_2020_1/output_0029/i0000649_s12_m16.jpg
data/images/03_10_2020_1/output_0005/i0000468_s12_m16.jpg
data/images/03_09_2020_1/output_0037/i0000457_s12_m17.jpg
data/images/03_10_2020_1/output_0007/i0000477_s12_m16.jpg
data/images/03_09_2020_1/output_0026/i0000078_s12_m16.jpg
data/images/03_09_2020_1/output_0024/i0000588_s12_m17.jpg
data/images/03_09_2020_1/output_0022/i0000352_s12_m17.jpg
data/images/03_10_2020_1/output_0007/i0000632_s12_m16.jpg
data/images/03_06_2020_0/output_0011/i0000572_s12_m17.jpg
data/images/03_09_2020_1/output_0040/i0000048_s12_m17.jpg
data/images/03_09_2020_1/output_0035/i0000684_s12_m16.jpg
data/images/03_10_2020_1/output_0012/i0000505_s12_m16.jpg
data/images/03_09_2020_1/output_0033/i0000595_s12_m16.jpg
data/images/03_10_2020_1/output_0014/i0000123_s12_m16.jpg
data/images/03_10_2020_1/output_0006/i0000638_s12_m16.jpg
data/images/03_10_2020_1/output_0002/i0000168_s12_m15.jpg
data/images/03_10_2020_1/output_0008/i0001034_s12_m16.jpg
data/images/03_09_2020_1/output_0037/i0000255_s12_m17.jpg
data/images/03_09_2020_1/output_0015/i0000134_s12_m16.jpg
data/images/03_09_2020_1/output_0036/i0000382_s12_m16.jpg
data/images/03_09_2020_1/output_0019/i0000010_s12_m16.jpg
data/images/03_10_2020_1/output_0006/i0000729_s12_m16.jpg
data/images/03_10_2020_1/output_0006/i0000189_s12_m16.jpg
data/images/03_09_2020_1/output_0038/i0000628_s12_m17.jpg
data/images/03_09_2020_1/output_0021/i0000687_s12_m17.jpg
data/images/03_09_2020_1/output_0043/i0000306_s12_m17.jpg
data/images/03_10_2020_1/output_0010/i0000851_s12_m16.jpg
data/images/03_10_2020_1/output_0011/i0000615_s12_m16.jpg
data/images/03_10_2020_1/output_0007/i0000187_s12_m16.jpg
data/images/03_09_2020_1/output_0035/i0000685_s12_m16.jpg
data/images/03_10_2020_1/output_0007/i0000060_s12_m16.jpg
data/images/03_09_2020_1/output_0019/i0000359_s12_m17.jpg
data/images/03_09_2020_1/output_0041/i0000618_s12_m17.jpg
data/images/03_10_2020_1/output_0010/i0000735_s12_m16.jpg
data/images/03_09_2020_1/output_0029/i0000700_s12_m16.jpg
data/images/03_10_2020_1/output_0003/i0000907_s12_m16.jpg
data/images/03_10_2020_1/output_0004/i0000621_s12_m16.jpg
data/images/03_10_2020_1/output_0004/i0000520_s12_m16.jpg
data/images/03_10_2020_1/output_0007/i0000059_s12_m16.jpg
data/images/03_10_2020_1/output_0001/i0000103_s12_m16.jpg
data/images/03_06_2020_0/output_0006/i0001030_s12_m17.jpg
data/images/03_09_2020_1/output_0035/i0000293_s12_m17.jpg
data/images/03_06_2020_0/output_0008/i0000244_s12_m17.jpg
data/images/03_09_2020_1/output_0035/i0000616_s12_m17.jpg
data/images/03_06_2020_0/output_0008/i0000984_s12_m16.jpg
data/images/03_10_2020_1/output_0006/i0000380_s12_m16.jpg
data/images/03_06_2020_0/output_0006/i0001283_s12_m16.jpg
data/images/03_09_2020_1/output_0032/i0000827_s12_m17.jpg
data/images/03_09_2020_1/output_0033/i0000495_s12_m16.jpg
data/images/03_09_2020_1/output_0022/i0000540_s12_m16.jpg
data/images/03_09_2020_1/output_0030/i0000067_s12_m17.jpg
data/images/03_10_2020_1/output_0004/i0001017_s12_m16.jpg
data/images/03_10_2020_1/output_0014/i0000436_s12_m16.jpg
data/images/03_06_2020_0/output_0011/i0001304_s12_m18.jpg
data/images/03_09_2020_1/output_0042/i0000410_s12_m17.jpg
data/images/03_09_2020_1/output_0038/i0000084_s12_m16.jpg
data/images/03_06_2020_0/output_0009/i0000221_s12_m17.jpg
data/images/03_09_2020_1/output_0036/i0000080_s12_m17.jpg
data/images/03_06_2020_0/output_0008/i0001262_s12_m17.jpg
data/images/03_09_2020_1/output_0038/i0000346_s12_m17.jpg
data/images/03_09_2020_1/output_0030/i0000634_s12_m17.jpg
data/images/03_09_2020_1/output_0031/i0000505_s12_m17.jpg
data/images/03_10_2020_1/output_0013/i0000316_s12_m16.jpg
data/images/03_10_2020_1/output_0004/i0000918_s12_m16.jpg
data/images/03_09_2020_1/output_0032/i0000071_s12_m16.jpg
data/images/03_09_2020_1/output_0013/i0000041_s12_m16.jpg
data/images/03_06_2020_0/output_0008/i0000681_s12_m16.jpg
data/images/03_09_2020_1/output_0042/i0000077_s12_m17.jpg
data/images/03_09_2020_1/output_0043/i0000572_s12_m17.jpg
data/images/03_06_2020_0/output_0006/i0001236_s12_m16.jpg
data/images/03_10_2020_1/output_0009/i0000957_s12_m16.jpg
data/images/03_09_2020_1/output_0021/i0000670_s12_m17.jpg
data/images/03_09_2020_1/output_0033/i0000397_s12_m16.jpg
data/images/03_09_2020_1/output_0040/i0000701_s12_m17.jpg
data/images/03_09_2020_1/output_0024/i0000490_s12_m17.jpg
data/images/03_09_2020_1/output_0027/i0000223_s12_m18.jpg
data/images/03_06_2020_0/output_0008/i0001003_s12_m16.jpg
data/images/03_10_2020_1/output_0006/i0000483_s12_m16.jpg
data/images/03_09_2020_1/output_0037/i0000199_s12_m17.jpg
data/images/03_06_2020_0/output_0006/i0000121_s12_m16.jpg
data/images/03_06_2020_0/output_0004/i0001406_s12_m16.jpg
data/images/03_09_2020_1/output_0026/i0000278_s12_m17.jpg
data/images/03_10_2020_1/output_0011/i0000411_s12_m16.jpg
data/images/03_06_2020_0/output_0006/i0001126_s12_m16.jpg
data/images/03_06_2020_0/output_0006/i0000440_s12_m16.jpg
data/images/03_09_2020_1/output_0035/i0000245_s12_m17.jpg
data/images/03_10_2020_1/output_0014/i0000403_s12_m16.jpg
data/images/03_06_2020_0/output_0004/i0001026_s12_m16.jpg
data/images/03_06_2020_0/output_0011/i0001231_s12_m18.jpg
data/images/03_10_2020_1/output_0015/i0000564_s12_m16.jpg
data/images/03_09_2020_1/output_0043/i0000115_s12_m17.jpg
data/images/03_10_2020_1/output_0004/i0000534_s12_m16.jpg
data/images/03_06_2020_0/output_0006/i0000891_s12_m15.jpg
data/images/03_09_2020_1/output_0032/i0000280_s12_m17.jpg
data/images/03_09_2020_1/output_0013/i0000469_s12_m17.jpg
data/images/03_10_2020_1/output_0008/i0000489_s12_m16.jpg
data/images/03_06_2020_0/output_0006/i0000183_s12_m17.jpg
data/images/03_06_2020_0/output_0009/i0001185_s12_m17.jpg
data/images/03_10_2020_1/output_0013/i0000501_s12_m16.jpg
data/images/03_06_2020_0/output_0006/i0000730_s12_m17.jpg
data/images/03_10_2020_1/output_0003/i0000028_s12_m16.jpg
data/images/03_09_2020_1/output_0039/i0000147_s12_m16.jpg
data/images/03_06_2020_0/output_0004/i0000292_s12_m16.jpg
data/images/03_06_2020_0/output_0009/i0001033_s12_m17.jpg
data/images/03_10_2020_1/output_0007/i0000404_s12_m16.jpg
data/images/03_06_2020_0/output_0009/i0000163_s12_m17.jpg
data/images/03_09_2020_1/output_0029/i0000803_s12_m17.jpg
data/images/03_09_2020_1/output_0021/i0000523_s12_m17.jpg
data/images/03_09_2020_1/output_0036/i0000043_s12_m17.jpg
data/images/03_10_2020_1/output_0007/i0000646_s12_m16.jpg
data/images/03_10_2020_1/output_0005/i0000457_s12_m15.jpg
data/images/03_06_2020_0/output_0008/i0000263_s12_m17.jpg
data/images/03_10_2020_1/output_0005/i0000431_s12_m16.jpg
data/images/03_09_2020_1/output_0034/i0000078_s12_m16.jpg
data/images/03_09_2020_1/output_0036/i0000042_s12_m17.jpg
data/images/03_10_2020_1/output_0011/i0000799_s12_m16.jpg
data/images/03_09_2020_1/output_0034/i0000440_s12_m16.jpg
data/images/03_10_2020_1/output_0008/i0000498_s12_m16.jpg
data/images/03_09_2020_1/output_0022/i0000417_s12_m17.jpg
data/images/03_10_2020_1/output_0006/i0000149_s12_m16.jpg
data/images/03_09_2020_1/output_0022/i0000697_s12_m17.jpg
data/images/03_09_2020_1/output_0043/i0000470_s12_m17.jpg
data/images/03_10_2020_1/output_0008/i0000874_s12_m16.jpg
data/images/03_09_2020_1/output_0023/i0000169_s12_m17.jpg
data/images/03_10_2020_1/output_0000/i0000243_s12_m16.jpg
data/images/03_09_2020_1/output_0026/i0000262_s12_m17.jpg
data/images/03_06_2020_0/output_0008/i0000222_s12_m17.jpg
data/images/03_09_2020_1/output_0034/i0000238_s12_m16.jpg
data/images/03_09_2020_1/output_0033/i0000193_s12_m16.jpg
data/images/03_10_2020_1/output_0013/i0000375_s12_m16.jpg
data/images/03_09_2020_1/output_0021/i0000625_s12_m17.jpg
data/images/03_09_2020_1/output_0020/i0000180_s12_m17.jpg
data/images/03_10_2020_1/output_0007/i0000562_s12_m16.jpg
data/images/03_09_2020_1/output_0038/i0000057_s12_m17.jpg
data/images/03_06_2020_0/output_0008/i0000309_s12_m16.jpg
data/images/03_09_2020_1/output_0036/i0000275_s12_m16.jpg
data/images/03_10_2020_1/output_0012/i0000914_s12_m16.jpg
data/images/03_10_2020_1/output_0015/i0000241_s12_m16.jpg
data/images/03_06_2020_0/output_0004/i0000893_s12_m16.jpg
data/images/03_09_2020_1/output_0039/i0000409_s12_m17.jpg
data/images/03_09_2020_1/output_0041/i0000541_s12_m17.jpg
data/images/03_09_2020_1/output_0038/i0000648_s12_m16.jpg
data/images/03_10_2020_1/output_0010/i0000598_s12_m16.jpg
data/images/03_06_2020_0/output_0004/i0001291_s12_m16.jpg
data/images/03_09_2020_1/output_0013/i0000408_s12_m16.jpg
data/images/03_09_2020_1/output_0020/i0000030_s12_m16.jpg
data/images/03_10_2020_1/output_0014/i0000735_s12_m16.jpg
data/images/03_06_2020_0/output_0011/i0000776_s12_m17.jpg
data/images/03_10_2020_1/output_0000/i0000061_s12_m16.jpg
data/images/03_10_2020_1/output_0010/i0000070_s12_m16.jpg
data/images/03_09_2020_1/output_0026/i0000423_s12_m17.jpg
data/images/03_09_2020_1/output_0026/i0000138_s12_m17.jpg
data/images/03_10_2020_1/output_0013/i0000666_s12_m16.jpg
data/images/03_09_2020_1/output_0016/i0000447_s12_m17.jpg
data/images/03_09_2020_1/output_0040/i0000343_s12_m16.jpg
